10/25/16 8:30,25-Oct,8:30,1,0,1,Andrew,8.510/24/16 20:51,24-Oct,20:51,1,0,0,Tom,2110/24/16 17:15,24-Oct,17:15,0,0,1,Pam,17.510/24/16 16:30,24-Oct,16:30,1,1,0,Pam,16.510/24/16 7:30,24-Oct,7:30,0,0,1,Tom,7.510/22/16 22:28,22-Oct,22:28,1,0,0,Tom,22.510/22/16 17:30,22-Oct,17:30,1,0,1,Tom,17.510/22/16 13:00,22-Oct,13:00,1,1,0,Tom,1310/22/16 8:00,22-Oct,8:00,1,0,0,Tom,810/22/16 8:00,22-Oct,8:00,0,0,1,Tom,810/21/16 15:33,21-Oct,15:33,1,1,0,Tom,15.510/21/16 8:16,21-Oct,8:16,1,0,1,Tom,8.510/20/16 20:06,20-Oct,20:06,1,0,0,Andrew,2010/20/16 20:01,20-Oct,20:01,1,0,0,Tom,2010/20/16 11:30,20-Oct,11:30,1,1,0,Tom,11.510/20/16 8:00,20-Oct,8:00,1,0,1,Tom,810/19/16 8:00,19-Oct,8:00,1,0,1,Tom,810/18/16 21:48,18-Oct,21:48,1,0,0,Tom,2210/18/16 19:36,18-Oct,19:36,0,1,0,Andrew,19.510/18/16 16:54,18-Oct,16:54,1,0,1,Pam,1710/18/16 7:15,18-Oct,7:15,1,0,1,Pam,7.510/17/16 19:58,17-Oct,19:58,1,0,0,Andrew,2010/17/16 18:00,17-Oct,18:00,0,1,0,Tom,1810/17/16 16:13,17-Oct,16:13,0,1,0,Tom,1610/17/16 7:25,17-Oct,7:25,1,0,1,Pam,7.510/16/16 21:57,16-Oct,21:57,1,0,0,Pam,2210/16/16 19:57,16-Oct,19:57,1,0,0,Andrew,2010/16/16 18:57,16-Oct,18:57,1,0,0,Pam,1910/16/16 17:01,16-Oct,17:01,0,0,1,Pam,1710/16/16 16:30,16-Oct,16:30,0,1,0,Pam,16.510/16/16 16:20,16-Oct,16:20,0,1,0,Pam,16.510/16/16 15:42,16-Oct,15:42,1,0,0,Tom,15.510/16/16 13:52,16-Oct,13:52,1,0,0,Andrew,1410/16/16 8:56,16-Oct,8:56,1,0,1,Pam,910/15/16 21:34,15-Oct,21:34,0,1,0,Tom,21.510/15/16 20:30,15-Oct,20:30,1,0,0,Andrew,20.510/15/16 17:25,15-Oct,17:25,1,0,0,Tom,17.510/15/16 16:54,15-Oct,16:54,0,0,1,Pam,1710/15/16 11:49,15-Oct,11:49,0,1,0,Andrew,1210/15/16 8:28,15-Oct,8:28,1,0,1,Tom,8.510/14/16 22:04,14-Oct,22:04,1,1,0,Tom,2210/14/16 19:41,14-Oct,19:41,1,0,0,Andrew,19.510/14/16 17:15,14-Oct,17:15,0,0,1,Pam,17.510/14/16 14:09,14-Oct,14:09,1,0,0,Tom,1410/14/16 12:22,14-Oct,12:22,0,1,0,Tom,12.510/14/16 8:24,14-Oct,8:24,1,0,1,Pam,8.510/13/16 20:57,13-Oct,20:57,1,0,0,Andrew,2110/13/16 18:44,13-Oct,18:44,1,0,1,Andrew,18.510/13/16 14:30,13-Oct,14:30,1,1,0,Pam,14.510/13/16 7:15,13-Oct,7:15,1,1,0,Pam,7.510/12/16 21:25,12-Oct,21:25,1,0,0,Tom,21.510/12/16 16:57,12-Oct,16:57,0,0,1,Andrew,1710/12/16 14:58,12-Oct,14:58,1,1,0,Tom,1510/12/16 8:30,12-Oct,8:30,1,0,1,Tom,8.510/11/16 21:13,11-Oct,21:13,1,0,0,Tom,2110/11/16 16:52,11-Oct,16:52,0,0,1,Pam,1710/11/16 15:00,11-Oct,15:00,1,0,0,Pam,1510/11/16 11:15,11-Oct,11:15,0,1,0,Pam,11.510/11/16 7:19,11-Oct,7:19,1,0,1,Pam,7.510/10/16 22:30,10-Oct,22:30,0,1,0,Tom,22.510/10/16 18:47,10-Oct,18:47,1,0,0,Andrew,1910/10/16 16:58,10-Oct,16:58,0,0,1,Pam,1710/10/16 15:53,10-Oct,15:53,1,0,0,Tom,1610/10/16 12:15,10-Oct,12:15,1,1,0,Pam,12.510/10/16 7:57,10-Oct,7:57,1,1,1,Pam,810/9/16 18:00,9-Oct,18:00,1,1,0,Tom,1810/9/16 16:50,9-Oct,16:50,0,0,1,Pam,1710/9/16 8:44,9-Oct,8:44,1,0,1,Tom,8.510/8/16 22:17,8-Oct,22:17,1,0,0,Tom,22.510/8/16 20:30,8-Oct,20:30,1,1,1,Pam,20.510/8/16 13:09,8-Oct,13:09,1,0,0,Tom,1310/7/16 20:08,7-Oct,20:08,1,0,0,Andrew,2010/7/16 13:43,7-Oct,13:43,1,1,0,Pam,13.510/7/16 9:56,7-Oct,9:56,0,1,0,Tom,1010/7/16 8:46,7-Oct,8:46,1,0,1,Tom,910/6/16 20:57,6-Oct,20:57,1,0,0,Tom,2110/6/16 16:59,6-Oct,16:59,0,0,1,Tom,1710/6/16 15:46,6-Oct,15:46,1,1,0,Tom,1610/6/16 11:30,6-Oct,11:30,1,0,0,Tom,11.510/6/16 7:30,6-Oct,7:30,1,1,1,Pam,7.510/5/16 21:36,5-Oct,21:36,1,0,0,Andrew,21.510/5/16 17:30,5-Oct,17:30,1,1,1,Andrew,17.510/5/16 8:18,5-Oct,8:18,1,0,1,Pam,8.510/4/16 23:11,4-Oct,23:11,1,0,0,Andrew,2310/4/16 22:02,4-Oct,22:02,0,1,0,Andrew,2210/4/16 17:07,4-Oct,17:07,1,0,1,Andrew,1710/4/16 9:57,4-Oct,9:57,0,1,0,Pam,1010/4/16 7:30,4-Oct,7:30,1,0,1,Pam,7.510/3/16 16:00,3-Oct,16:00,0,1,0,Pam,1610/3/16 15:50,3-Oct,15:50,0,1,0,Pam,1610/3/16 15:30,3-Oct,15:30,1,1,0,Pam,15.510/3/16 8:33,3-Oct,8:33,1,0,1,Pam,8.510/2/16 21:03,2-Oct,21:03,1,0,0,Andrew,2110/2/16 16:36,2-Oct,16:36,1,0,1,Tom,16.510/2/16 14:18,2-Oct,14:18,1,1,0,Pam,14.510/2/16 8:30,2-Oct,8:30,1,0,1,Tom,8.510/1/16 21:38,1-Oct,21:38,1,0,0,Tom,21.510/1/16 19:56,1-Oct,19:56,1,1,0,Pam,2010/1/16 16:45,1-Oct,16:45,0,0,1,Pam,1710/1/16 14:51,1-Oct,14:51,1,0,0,Pam,1510/1/16 8:51,1-Oct,8:51,1,0,0,Andrew,910/1/16 8:41,1-Oct,8:41,1,1,1,Tom,8.59/30/16 21:07,30-Sep,21:07,1,0,0,Andrew,219/30/16 16:42,30-Sep,16:42,0,0,1,Andrew,16.59/30/16 16:33,30-Sep,16:33,1,0,0,Andrew,16.59/30/16 14:45,30-Sep,14:45,1,1,0,Pam,159/30/16 13:01,30-Sep,13:01,1,1,0,Tom,139/30/16 7:24,30-Sep,7:24,1,0,1,Pam,7.59/29/16 21:51,29-Sep,21:51,0,1,0,Andrew,229/29/16 19:54,29-Sep,19:54,1,0,0,Pam,209/29/16 17:01,29-Sep,17:01,1,0,1,Andrew,179/29/16 14:09,29-Sep,14:09,1,1,0,Pam,149/29/16 7:25,29-Sep,7:25,1,1,1,Pam,7.59/28/16 22:06,28-Sep,22:06,1,1,0,Tom,229/28/16 20:45,28-Sep,20:45,1,0,1,Pam,219/28/16 20:00,28-Sep,20:00,1,0,0,Andrew,209/28/16 17:55,28-Sep,17:55,1,1,0,Andrew,189/28/16 17:00,28-Sep,17:00,0,0,1,Tom,179/28/16 8:45,28-Sep,8:45,1,0,1,Pam,99/27/16 23:07,27-Sep,23:07,1,0,0,Tom,239/27/16 15:22,27-Sep,15:22,0,1,0,Pam,15.59/27/16 14:03,27-Sep,14:03,1,1,0,Pam,149/27/16 8:00,27-Sep,8:00,1,0,1,Tom,89/26/16 23:47,26-Sep,23:47,1,1,0,Tom,249/26/16 17:51,26-Sep,17:51,1,0,0,Tom,189/26/16 17:45,26-Sep,17:45,0,0,1,Tom,189/26/16 16:09,26-Sep,16:09,1,0,0,Guest,169/26/16 11:35,26-Sep,11:35,1,1,0,Tom,11.59/26/16 9:30,26-Sep,9:30,1,0,1,Pam,9.59/25/16 20:12,25-Sep,20:12,0,1,0,Guest,209/25/16 16:50,25-Sep,16:50,0,0,1,Pam,179/25/16 16:39,25-Sep,16:39,1,0,0,Tom,16.59/25/16 12:30,25-Sep,12:30,0,1,0,Pam,12.59/25/16 12:00,25-Sep,12:00,1,1,0,Pam,129/25/16 8:24,25-Sep,8:24,1,1,1,Tom,8.59/24/16 22:14,24-Sep,22:14,1,0,0,Tom,229/24/16 21:00,24-Sep,21:00,0,1,0,Pam,219/24/16 17:03,24-Sep,17:03,0,0,1,Tom,179/24/16 16:38,24-Sep,16:38,1,1,0,Tom,16.59/24/16 8:00,24-Sep,8:00,1,0,1,Tom,89/23/16 20:04,23-Sep,20:04,1,0,0,Andrew,209/23/16 17:06,23-Sep,17:06,0,0,1,Pam,179/23/16 16:50,23-Sep,16:50,1,1,0,Pam,179/23/16 6:52,23-Sep,6:52,1,0,1,Tom,79/22/16 21:59,22-Sep,21:59,1,0,0,Andrew,229/22/16 20:01,22-Sep,20:01,1,0,0,Tom,209/22/16 18:00,22-Sep,18:00,1,0,0,Pam,189/22/16 17:18,22-Sep,17:18,0,0,1,Pam,17.59/22/16 11:00,22-Sep,11:00,0,1,0,Pam,119/22/16 11:00,22-Sep,11:00,1,0,0,Pam,119/22/16 8:17,22-Sep,8:17,1,1,1,Pam,8.59/21/16 21:28,21-Sep,21:28,1,0,0,Andrew,21.59/21/16 17:15,21-Sep,17:15,0,0,1,Pam,17.59/21/16 17:15,21-Sep,17:15,1,0,0,Pam,17.59/21/16 11:36,21-Sep,11:36,0,1,0,Andrew,11.59/21/16 8:30,21-Sep,8:30,1,0,0,Pam,8.59/20/16 22:21,20-Sep,22:21,0,1,0,Andrew,22.59/20/16 8:36,20-Sep,8:36,1,0,1,Pam,8.59/19/16 22:16,19-Sep,22:16,1,0,0,Tom,22.59/19/16 18:19,19-Sep,18:19,0,1,0,Pam,18.59/19/16 18:04,19-Sep,18:04,1,0,0,Pam,189/19/16 8:40,19-Sep,8:40,1,0,1,Pam,8.59/18/16 21:49,18-Sep,21:49,1,0,0,Andrew,229/18/16 17:15,18-Sep,17:15,0,0,1,Pam,17.59/18/16 17:00,18-Sep,17:00,1,1,0,Pam,179/18/16 16:45,18-Sep,16:45,1,1,0,Pam,179/18/16 8:25,18-Sep,8:25,1,0,1,Tom,8.59/17/16 22:48,17-Sep,22:48,1,0,0,Tom,239/17/16 21:30,17-Sep,21:30,1,0,0,Pam,21.59/17/16 18:55,17-Sep,18:55,0,1,0,Guest,199/17/16 17:18,17-Sep,17:18,1,0,1,Tom,17.59/17/16 11:00,17-Sep,11:00,1,0,0,Pam,119/17/16 8:31,17-Sep,8:31,0,0,1,Pam,8.59/17/16 8:30,17-Sep,8:30,1,1,0,Pam,8.59/16/16 23:03,16-Sep,23:03,1,0,0,Tom,239/16/16 21:36,16-Sep,21:36,1,0,0,Tom,21.59/16/16 17:08,16-Sep,17:08,1,1,1,Pam,179/16/16 11:34,16-Sep,11:34,1,1,0,Pam,11.59/16/16 8:00,16-Sep,8:00,1,0,1,Tom,89/15/16 14:38,15-Sep,14:38,1,0,0,Tom,14.59/15/16 13:43,15-Sep,13:43,0,1,0,Pam,13.59/15/16 8:42,15-Sep,8:42,1,0,1,Tom,8.59/14/16 22:54,14-Sep,22:54,0,1,0,Andrew,239/14/16 20:40,14-Sep,20:40,1,0,0,Andrew,20.59/14/16 17:27,14-Sep,17:27,0,0,1,Andrew,17.59/14/16 13:57,14-Sep,13:57,1,1,0,Pam,149/14/16 8:40,14-Sep,8:40,1,0,1,Tom,8.59/13/16 22:45,13-Sep,22:45,1,0,0,Andrew,239/13/16 19:30,13-Sep,19:30,1,0,0,Andrew,19.59/13/16 16:45,13-Sep,16:45,0,0,1,Andrew,179/13/16 15:15,13-Sep,15:15,1,0,0,Andrew,15.59/13/16 12:45,13-Sep,12:45,0,1,0,Andrew,139/13/16 9:00,13-Sep,9:00,1,0,1,Andrew,99/12/16 22:00,12-Sep,22:00,0,1,0,Andrew,229/12/16 19:15,12-Sep,19:15,1,0,0,Andrew,19.59/12/16 16:45,12-Sep,16:45,0,0,1,Andrew,179/12/16 16:15,12-Sep,16:15,0,1,0,Andrew,16.59/12/16 9:45,12-Sep,9:45,1,0,1,Andrew,109/11/16 22:15,11-Sep,22:15,1,0,0,Andrew,22.59/11/16 20:50,11-Sep,20:50,0,1,0,Andrew,219/11/16 16:45,11-Sep,16:45,0,0,1,Andrew,179/11/16 16:20,11-Sep,16:20,1,0,0,Andrew,16.59/11/16 14:00,11-Sep,14:00,0,1,0,Andrew,149/11/16 10:00,11-Sep,10:00,1,0,1,Andrew,109/10/16 22:45,10-Sep,22:45,1,0,0,Andrew,239/10/16 20:10,10-Sep,20:10,0,1,0,Andrew,209/10/16 16:50,10-Sep,16:50,0,0,1,Andrew,179/10/16 14:15,10-Sep,14:15,1,0,0,Andrew,14.59/10/16 8:02,10-Sep,8:02,1,0,1,Pam,89/9/16 20:33,9-Sep,20:33,1,0,0,Andrew,20.59/9/16 18:23,9-Sep,18:23,0,1,0,Pam,18.59/9/16 17:00,9-Sep,17:00,0,0,1,Andrew,179/9/16 16:27,9-Sep,16:27,1,0,0,Pam,16.59/9/16 8:00,9-Sep,8:00,1,0,1,Tom,89/8/16 22:39,8-Sep,22:39,1,0,0,Pam,22.59/8/16 17:41,8-Sep,17:41,1,0,0,Andrew,17.59/8/16 16:30,8-Sep,16:30,0,0,1,Pam,16.59/8/16 15:00,8-Sep,15:00,0,1,0,Pam,159/8/16 14:40,8-Sep,14:40,1,1,0,Pam,14.59/8/16 7:10,8-Sep,7:10,1,1,1,Pam,79/7/16 20:08,7-Sep,20:08,1,0,0,Andrew,209/7/16 13:30,7-Sep,13:30,1,1,0,Pam,13.59/7/16 8:04,7-Sep,8:04,1,0,1,Pam,89/6/16 20:46,6-Sep,20:46,1,0,0,Tom,219/6/16 17:50,6-Sep,17:50,1,1,0,Tom,189/6/16 16:51,6-Sep,16:51,0,0,1,Pam,179/6/16 15:50,6-Sep,15:50,1,0,0,Andrew,169/6/16 7:11,6-Sep,7:11,1,1,1,Pam,79/5/16 23:04,5-Sep,23:04,1,0,0,Pam,239/5/16 17:25,5-Sep,17:25,0,0,1,Pam,17.59/5/16 13:40,5-Sep,13:40,1,1,0,Pam,13.59/4/16 21:30,4-Sep,21:30,1,0,0,Andrew,21.59/4/16 17:31,4-Sep,17:31,1,0,1,Andrew,17.59/4/16 13:18,4-Sep,13:18,1,1,0,Tom,13.59/4/16 8:40,4-Sep,8:40,1,0,1,Pam,8.59/3/16 22:05,3-Sep,22:05,1,0,0,Tom,229/3/16 16:40,3-Sep,16:40,0,0,1,Andrew,16.59/3/16 11:00,3-Sep,11:00,1,1,0,Pam,119/3/16 9:17,3-Sep,9:17,0,1,0,Andrew,9.59/3/16 8:11,3-Sep,8:11,1,1,1,Tom,89/2/16 17:03,2-Sep,17:03,1,0,0,Andrew,179/2/16 16:57,2-Sep,16:57,0,0,1,Andrew,179/2/16 7:58,2-Sep,7:58,1,0,1,Pam,89/1/16 21:11,1-Sep,21:11,1,0,0,Andrew,219/1/16 17:49,1-Sep,17:49,0,0,1,Andrew,189/1/16 13:49,1-Sep,13:49,1,1,0,Pam,149/1/16 8:28,1-Sep,8:28,1,0,1,Tom,8.59/1/16 5:20,1-Sep,5:20,1,1,0,Pam,5.58/31/16 22:30,31-Aug,22:30,1,0,0,Pam,22.58/31/16 18:34,31-Aug,18:34,0,1,0,Pam,18.58/31/16 18:34,31-Aug,18:34,1,0,0,Pam,18.58/31/16 17:00,31-Aug,17:00,1,0,1,Andrew,178/31/16 14:21,31-Aug,14:21,0,1,0,Andrew,14.58/30/16 23:50,30-Aug,23:50,1,0,0,Andrew,248/30/16 20:14,30-Aug,20:14,1,0,0,Andrew,208/30/16 18:00,30-Aug,18:00,0,0,1,Pam,188/30/16 17:48,30-Aug,17:48,0,0,1,Andrew,188/30/16 8:09,30-Aug,8:09,1,1,1,Tom,88/29/16 21:52,29-Aug,21:52,1,0,0,Tom,228/29/16 17:24,29-Aug,17:24,0,0,1,Andrew,17.58/29/16 15:58,29-Aug,15:58,1,0,0,Pam,168/29/16 12:30,29-Aug,12:30,0,1,0,Pam,12.58/29/16 8:40,29-Aug,8:40,1,0,1,Pam,8.58/28/16 21:15,28-Aug,21:15,1,0,0,Andrew,21.58/28/16 16:57,28-Aug,16:57,0,0,1,Pam,178/28/16 12:30,28-Aug,12:30,1,0,0,Andrew,12.58/28/16 7:55,28-Aug,7:55,1,1,1,Pam,88/27/16 22:09,27-Aug,22:09,1,0,0,Tom,228/27/16 18:41,27-Aug,18:41,0,0,1,Andrew,18.58/27/16 12:02,27-Aug,12:02,1,1,0,Pam,128/27/16 8:24,27-Aug,8:24,1,1,1,Pam,8.58/26/16 18:28,26-Aug,18:28,0,0,1,Tom,18.58/26/16 16:00,26-Aug,16:00,0,1,0,Pam,168/26/16 8:28,26-Aug,8:28,1,0,1,Pam,8.58/26/16 4:30,26-Aug,4:30,1,0,0,Pam,4.58/25/16 19:56,25-Aug,19:56,1,0,0,Andrew,208/25/16 17:30,25-Aug,17:30,0,0,1,Pam,17.58/25/16 15:30,25-Aug,15:30,1,0,0,Pam,15.58/25/16 12:00,25-Aug,12:00,0,1,0,Pam,128/25/16 8:05,25-Aug,8:05,1,1,1,Pam,88/24/16 17:06,24-Aug,17:06,1,0,1,Pam,178/24/16 8:42,24-Aug,8:42,1,1,0,Pam,8.58/24/16 7:15,24-Aug,7:15,0,0,1,Tom,7.58/23/16 21:21,23-Aug,21:21,1,0,1,Andrew,21.58/23/16 14:57,23-Aug,14:57,1,0,0,Andrew,158/23/16 9:00,23-Aug,9:00,1,1,1,Tom,98/22/16 20:30,22-Aug,20:30,1,0,0,Tom,20.58/22/16 19:52,22-Aug,19:52,1,1,0,Andrew,208/22/16 18:30,22-Aug,18:30,0,0,1,Pam,18.58/22/16 8:33,22-Aug,8:33,1,0,1,Pam,8.58/21/16 21:55,21-Aug,21:55,1,1,0,Pam,228/21/16 19:15,21-Aug,19:15,1,0,0,Pam,19.58/21/16 16:43,21-Aug,16:43,1,0,0,Andrew,16.58/21/16 16:23,21-Aug,16:23,1,0,0,Andrew,16.58/21/16 10:30,21-Aug,10:30,0,1,0,Pam,10.58/21/16 10:00,21-Aug,10:00,0,1,0,Pam,108/21/16 7:00,21-Aug,7:00,1,0,1,Tom,78/20/16 21:59,20-Aug,21:59,1,0,0,Pam,228/20/16 18:00,20-Aug,18:00,0,0,1,Pam,188/20/16 13:15,20-Aug,13:15,1,0,0,Pam,13.58/20/16 11:47,20-Aug,11:47,0,1,0,Andrew,128/20/16 8:17,20-Aug,8:17,1,0,1,Pam,8.58/19/16 18:54,19-Aug,18:54,1,0,0,Pam,198/19/16 17:04,19-Aug,17:04,0,0,1,Andrew,178/19/16 8:25,19-Aug,8:25,1,1,1,Pam,8.58/18/16 22:37,18-Aug,22:37,1,0,0,Tom,22.58/18/16 17:00,18-Aug,17:00,0,0,1,Andrew,178/18/16 10:15,18-Aug,10:15,1,0,1,Andrew,10.58/17/16 22:45,17-Aug,22:45,0,1,0,Andrew,238/17/16 16:45,17-Aug,16:45,1,0,1,Andrew,178/17/16 8:15,17-Aug,8:15,1,1,1,Pam,8.58/16/16 22:40,16-Aug,22:40,1,0,0,Andrew,22.58/16/16 16:50,16-Aug,16:50,0,0,1,Andrew,178/16/16 8:50,16-Aug,8:50,1,0,1,Tom,98/15/16 21:30,15-Aug,21:30,1,0,0,Pam,21.58/15/16 18:25,15-Aug,18:25,0,0,1,Pam,18.58/15/16 18:00,15-Aug,18:00,1,1,0,Pam,188/15/16 16:34,15-Aug,16:34,0,1,0,Andrew,16.58/15/16 15:43,15-Aug,15:43,1,0,0,Tom,15.58/15/16 7:45,15-Aug,7:45,1,1,0,Tom,88/14/16 22:02,14-Aug,22:02,1,0,0,Tom,228/14/16 16:51,14-Aug,16:51,0,0,1,Andrew,178/14/16 15:51,14-Aug,15:51,1,0,0,Pam,168/14/16 12:25,14-Aug,12:25,1,1,0,Pam,12.58/14/16 8:34,14-Aug,8:34,1,1,1,Pam,8.58/13/16 22:17,13-Aug,22:17,1,1,0,Tom,22.58/13/16 17:20,13-Aug,17:20,1,0,0,Tom,17.58/13/16 16:55,13-Aug,16:55,0,0,1,Pam,178/13/16 9:10,13-Aug,9:10,1,1,1,Tom,98/12/16 16:51,12-Aug,16:51,1,1,0,Pam,178/12/16 13:16,12-Aug,13:16,0,1,0,Andrew,13.58/12/16 8:00,12-Aug,8:00,1,0,1,Pam,88/11/16 22:49,11-Aug,22:49,1,0,0,Tom,238/11/16 21:40,11-Aug,21:40,0,1,0,Andrew,21.58/11/16 18:38,11-Aug,18:38,1,0,0,Pam,18.58/11/16 16:59,11-Aug,16:59,0,0,1,Pam,178/11/16 16:50,11-Aug,16:50,1,0,0,Pam,178/11/16 8:28,11-Aug,8:28,1,1,1,Pam,8.58/10/16 16:43,10-Aug,16:43,1,1,1,Tom,16.58/10/16 14:55,10-Aug,14:55,1,0,0,Pam,158/10/16 8:10,10-Aug,8:10,1,0,1,Pam,88/9/16 19:12,9-Aug,19:12,0,1,0,Pam,198/9/16 16:55,9-Aug,16:55,1,0,1,Andrew,178/9/16 8:00,9-Aug,8:00,1,1,1,Pam,88/8/16 22:56,8-Aug,22:56,1,1,0,Tom,238/8/16 20:30,8-Aug,20:30,1,0,0,Pam,20.58/8/16 17:22,8-Aug,17:22,0,0,1,Pam,17.58/8/16 16:12,8-Aug,16:12,1,0,0,Andrew,168/8/16 8:36,8-Aug,8:36,1,1,1,Pam,8.58/7/16 22:53,7-Aug,22:53,1,0,0,Tom,238/7/16 19:00,7-Aug,19:00,1,0,0,Andrew,198/7/16 18:00,7-Aug,18:00,0,0,1,Pam,188/7/16 16:00,7-Aug,16:00,0,1,0,Andrew,168/7/16 8:00,7-Aug,8:00,1,0,1,Tom,88/6/16 22:25,6-Aug,22:25,1,0,0,Pam,22.58/6/16 17:07,6-Aug,17:07,0,0,1,Tom,178/6/16 14:11,6-Aug,14:11,0,1,0,Pam,148/6/16 8:33,6-Aug,8:33,1,0,1,Pam,8.58/5/16 22:19,5-Aug,22:19,1,0,0,Pam,22.58/5/16 19:17,5-Aug,19:17,1,0,0,Pam,19.58/5/16 17:09,5-Aug,17:09,0,0,1,Pam,178/5/16 8:53,5-Aug,8:53,1,1,1,Pam,98/4/16 18:13,4-Aug,18:13,1,0,0,Tom,188/4/16 17:09,4-Aug,17:09,1,0,0,Tom,178/4/16 17:09,4-Aug,17:09,0,0,1,Tom,178/4/16 8:15,4-Aug,8:15,1,1,1,Tom,8.58/3/16 22:45,3-Aug,22:45,1,0,0,Tom,238/3/16 16:43,3-Aug,16:43,0,0,1,Pam,16.58/3/16 16:15,3-Aug,16:15,1,0,0,Pam,16.58/3/16 11:35,3-Aug,11:35,0,1,0,Tom,11.58/3/16 8:15,3-Aug,8:15,1,0,1,Tom,8.58/2/16 22:56,2-Aug,22:56,1,0,0,Tom,238/2/16 18:32,2-Aug,18:32,1,0,0,Pam,18.58/2/16 17:30,2-Aug,17:30,0,0,1,Andrew,17.58/2/16 13:02,2-Aug,13:02,1,1,0,Pam,138/2/16 9:10,2-Aug,9:10,1,1,1,Tom,98/1/16 22:14,1-Aug,22:14,1,0,0,Andrew,228/1/16 17:31,1-Aug,17:31,1,0,0,Tom,17.58/1/16 17:28,1-Aug,17:28,0,0,1,Pam,17.58/1/16 16:30,1-Aug,16:30,1,0,0,Andrew,16.58/1/16 9:18,1-Aug,9:18,1,1,1,Pam,9.57/31/16 22:19,31-Jul,22:19,1,0,0,Tom,22.57/31/16 17:15,31-Jul,17:15,1,0,0,Pam,17.57/31/16 17:15,31-Jul,17:15,0,0,1,Pam,17.57/31/16 8:30,31-Jul,8:30,1,1,1,Pam,8.57/30/16 8:52,30-Jul,8:52,1,0,1,Guest,97/29/16 17:54,29-Jul,17:54,0,0,1,Andrew,187/29/16 17:09,29-Jul,17:09,1,1,0,Guest,177/29/16 9:32,29-Jul,9:32,1,1,1,Pam,9.57/28/16 17:15,28-Jul,17:15,0,0,1,Andrew,17.57/28/16 17:15,28-Jul,17:15,1,0,0,Pam,17.57/28/16 8:30,28-Jul,8:30,1,1,1,Tom,8.57/27/16 18:29,27-Jul,18:29,0,0,1,Guest,18.57/27/16 8:30,27-Jul,8:30,1,0,1,Pam,8.57/25/16 17:36,25-Jul,17:36,1,0,0,Andrew,17.57/25/16 17:14,25-Jul,17:14,0,0,1,Pam,177/25/16 14:30,25-Jul,14:30,1,0,0,Pam,14.57/25/16 9:27,25-Jul,9:27,1,0,0,Andrew,9.57/25/16 8:40,25-Jul,8:40,1,1,1,Pam,8.57/24/16 17:01,24-Jul,17:01,0,0,1,Pam,177/24/16 17:01,24-Jul,17:01,1,0,0,Pam,177/24/16 8:43,24-Jul,8:43,1,1,1,Tom,8.57/23/16 22:53,23-Jul,22:53,1,0,0,Tom,237/23/16 17:00,23-Jul,17:00,0,0,1,Pam,177/23/16 8:43,23-Jul,8:43,1,0,1,Tom,8.57/22/16 23:47,22-Jul,23:47,1,0,0,Guest,247/22/16 17:05,22-Jul,17:05,1,0,0,Andrew,177/22/16 14:00,22-Jul,14:00,1,0,0,Guest,147/22/16 11:30,22-Jul,11:30,1,1,0,Tom,11.57/22/16 7:00,22-Jul,7:00,0,1,0,Guest,77/22/16 7:00,22-Jul,7:00,1,0,0,Guest,77/22/16 7:00,22-Jul,7:00,0,0,1,Guest,77/21/16 18:00,21-Jul,18:00,0,0,1,Andrew,187/21/16 15:52,21-Jul,15:52,1,0,0,Andrew,167/21/16 8:01,21-Jul,8:01,1,0,1,Tom,87/21/16 0:17,21-Jul,0:17,1,1,0,Tom,0.57/20/16 21:24,20-Jul,21:24,1,0,0,Tom,21.57/20/16 16:45,20-Jul,16:45,1,0,0,Tom,177/20/16 16:45,20-Jul,16:45,0,0,1,Tom,177/20/16 14:00,20-Jul,14:00,1,0,0,Andrew,147/20/16 9:06,20-Jul,9:06,1,0,1,Tom,97/19/16 22:39,19-Jul,22:39,1,0,0,Andrew,22.57/19/16 16:59,19-Jul,16:59,1,0,1,Andrew,177/19/16 12:00,19-Jul,12:00,1,1,0,Tom,127/19/16 7:30,19-Jul,7:30,1,1,1,Tom,7.57/18/16 21:36,18-Jul,21:36,1,0,0,Andrew,21.57/18/16 16:58,18-Jul,16:58,0,0,1,Pam,177/18/16 16:00,18-Jul,16:00,1,0,0,Pam,167/18/16 8:00,18-Jul,8:00,1,0,1,Tom,87/17/16 22:06,17-Jul,22:06,1,0,0,Andrew,227/17/16 18:00,17-Jul,18:00,0,0,1,Andrew,187/17/16 17:30,17-Jul,17:30,1,1,0,Andrew,17.57/17/16 14:06,17-Jul,14:06,1,1,0,Pam,147/17/16 9:28,17-Jul,9:28,1,0,1,Pam,9.57/16/16 17:18,16-Jul,17:18,0,0,1,Andrew,17.57/16/16 15:05,16-Jul,15:05,1,0,0,Pam,157/16/16 13:28,16-Jul,13:28,0,1,0,Andrew,13.57/16/16 8:25,16-Jul,8:25,1,0,1,Pam,8.57/15/16 20:23,15-Jul,20:23,1,0,0,Andrew,20.57/15/16 17:35,15-Jul,17:35,1,0,0,Andrew,17.57/15/16 12:48,15-Jul,12:48,0,1,0,Andrew,137/15/16 6:53,15-Jul,6:53,1,0,1,Pam,77/14/16 16:31,14-Jul,16:31,0,0,1,Andrew,16.57/14/16 16:12,14-Jul,16:12,1,1,0,Pam,167/14/16 9:44,14-Jul,9:44,1,0,1,Pam,9.57/13/16 20:13,13-Jul,20:13,1,0,0,Andrew,207/13/16 17:30,13-Jul,17:30,1,1,0,Andrew,17.57/13/16 16:51,13-Jul,16:51,0,0,1,Pam,177/13/16 16:40,13-Jul,16:40,1,0,0,Andrew,16.57/13/16 8:45,13-Jul,8:45,1,1,1,Pam,97/12/16 17:15,12-Jul,17:15,1,0,1,Pam,17.57/12/16 14:00,12-Jul,14:00,1,0,0,Pam,147/12/16 8:30,12-Jul,8:30,1,1,1,Pam,8.57/12/16 0:30,12-Jul,0:30,1,0,0,Pam,0.57/11/16 17:37,11-Jul,17:37,1,1,1,Pam,17.57/11/16 8:14,11-Jul,8:14,1,0,1,Tom,87/10/16 19:45,10-Jul,19:45,1,0,0,Tom,207/10/16 17:53,10-Jul,17:53,1,0,0,Pam,187/10/16 16:59,10-Jul,16:59,0,0,1,Pam,177/10/16 15:30,10-Jul,15:30,0,1,0,Pam,15.57/10/16 13:07,10-Jul,13:07,1,0,0,Tom,137/10/16 8:53,10-Jul,8:53,1,0,1,Andrew,97/9/16 22:57,9-Jul,22:57,0,1,0,Andrew,237/9/16 21:06,9-Jul,21:06,1,0,0,Tom,217/9/16 19:00,9-Jul,19:00,1,0,0,Andrew,197/9/16 17:25,9-Jul,17:25,0,0,1,Andrew,17.57/9/16 8:18,9-Jul,8:18,1,1,1,Pam,8.57/9/16 0:30,9-Jul,0:30,1,0,0,Pam,0.57/8/16 20:54,8-Jul,20:54,0,1,0,Andrew,217/8/16 17:20,8-Jul,17:20,0,0,1,Tom,17.57/8/16 14:35,8-Jul,14:35,1,0,0,Pam,14.57/8/16 8:20,8-Jul,8:20,1,1,1,Pam,8.57/7/16 23:35,7-Jul,23:35,1,0,0,Tom,23.57/7/16 20:34,7-Jul,20:34,1,0,0,Tom,20.57/7/16 18:10,7-Jul,18:10,1,0,0,Pam,187/7/16 16:30,7-Jul,16:30,0,1,0,Tom,16.57/7/16 16:10,7-Jul,16:10,1,0,0,Tom,167/7/16 12:30,7-Jul,12:30,1,0,0,Tom,12.57/7/16 8:10,7-Jul,8:10,1,1,1,Pam,87/6/16 22:02,6-Jul,22:02,1,0,0,Tom,227/6/16 19:40,6-Jul,19:40,0,1,0,Pam,19.57/6/16 16:57,6-Jul,16:57,0,0,1,Pam,177/6/16 15:32,6-Jul,15:32,1,0,0,Pam,15.57/6/16 12:47,6-Jul,12:47,0,1,0,Andrew,137/6/16 8:03,6-Jul,8:03,1,0,1,Pam,87/5/16 21:52,5-Jul,21:52,1,0,0,Tom,227/5/16 20:40,5-Jul,20:40,1,0,0,Andrew,20.57/5/16 18:34,5-Jul,18:34,1,1,0,Andrew,18.57/5/16 17:28,5-Jul,17:28,0,0,1,Andrew,17.57/5/16 15:10,5-Jul,15:10,1,1,0,Pam,157/5/16 12:00,5-Jul,12:00,0,1,0,Tom,127/5/16 8:14,5-Jul,8:14,1,0,1,Pam,87/4/16 21:54,4-Jul,21:54,1,1,0,Tom,227/4/16 16:55,4-Jul,16:55,0,0,1,Andrew,177/4/16 16:53,4-Jul,16:53,1,0,0,Andrew,177/4/16 8:08,4-Jul,8:08,1,1,1,Pam,87/3/16 21:57,3-Jul,21:57,1,0,0,Tom,227/3/16 18:26,3-Jul,18:26,1,0,0,Tom,18.57/3/16 17:00,3-Jul,17:00,0,0,1,Pam,177/3/16 16:31,3-Jul,16:31,1,0,0,Pam,16.57/3/16 11:19,3-Jul,11:19,1,1,0,Pam,11.57/3/16 8:39,3-Jul,8:39,1,0,1,Tom,8.57/2/16 22:28,2-Jul,22:28,1,0,0,Tom,22.57/2/16 21:06,2-Jul,21:06,0,1,0,Andrew,217/2/16 17:26,2-Jul,17:26,1,0,1,Pam,17.57/2/16 13:30,2-Jul,13:30,1,1,0,Pam,13.57/2/16 8:10,2-Jul,8:10,1,1,1,Tom,87/1/16 22:54,1-Jul,22:54,1,0,0,Tom,237/1/16 17:30,1-Jul,17:30,0,0,1,Andrew,17.57/1/16 15:14,1-Jul,15:14,1,0,0,Pam,157/1/16 12:19,1-Jul,12:19,1,0,0,Andrew,12.57/1/16 8:18,1-Jul,8:18,1,0,1,Pam,8.56/30/16 21:59,30-Jun,21:59,1,0,0,Andrew,226/30/16 17:02,30-Jun,17:02,0,0,1,Pam,176/30/16 16:30,30-Jun,16:30,1,1,0,Andrew,16.56/30/16 12:49,30-Jun,12:49,1,1,0,Pam,136/30/16 7:49,30-Jun,7:49,1,0,1,Pam,86/29/16 22:09,29-Jun,22:09,1,0,0,Pam,226/29/16 17:36,29-Jun,17:36,1,0,0,Andrew,17.56/29/16 17:12,29-Jun,17:12,0,0,1,Andrew,176/29/16 14:23,29-Jun,14:23,1,1,0,Andrew,14.56/29/16 9:07,29-Jun,9:07,1,0,1,Pam,96/28/16 17:36,28-Jun,17:36,1,0,1,Andrew,17.56/28/16 14:45,28-Jun,14:45,0,1,0,Pam,156/28/16 14:20,28-Jun,14:20,1,0,0,Pam,14.56/28/16 13:26,28-Jun,13:26,0,1,0,Andrew,13.56/28/16 8:25,28-Jun,8:25,1,0,1,Pam,8.56/27/16 22:35,27-Jun,22:35,1,0,0,Tom,22.56/27/16 17:23,27-Jun,17:23,1,0,1,Pam,17.56/27/16 14:22,27-Jun,14:22,1,0,0,Pam,14.56/27/16 9:30,27-Jun,9:30,0,1,0,Pam,9.56/27/16 7:25,27-Jun,7:25,1,1,1,Pam,7.56/26/16 22:16,26-Jun,22:16,1,1,0,Tom,22.56/26/16 17:31,26-Jun,17:31,0,0,1,Pam,17.56/26/16 16:15,26-Jun,16:15,0,1,0,Tom,16.56/26/16 8:15,26-Jun,8:15,1,0,1,Pam,8.56/26/16 4:20,26-Jun,4:20,1,0,0,Pam,4.56/25/16 23:34,25-Jun,23:34,1,0,0,Tom,23.56/25/16 22:38,25-Jun,22:38,1,0,0,Pam,22.56/25/16 18:30,25-Jun,18:30,0,1,0,Pam,18.56/25/16 17:06,25-Jun,17:06,1,0,1,Pam,176/25/16 14:15,25-Jun,14:15,1,0,0,Pam,14.56/25/16 8:50,25-Jun,8:50,1,0,1,Pam,96/24/16 8:49,24-Jun,8:49,1,1,0,Pam,96/23/16 22:24,23-Jun,22:24,1,0,0,Andrew,22.56/23/16 18:05,23-Jun,18:05,0,1,0,Pam,186/23/16 17:35,23-Jun,17:35,0,1,0,Pam,17.56/23/16 17:20,23-Jun,17:20,0,0,1,Pam,17.56/23/16 17:12,23-Jun,17:12,1,0,0,Pam,176/23/16 12:30,23-Jun,12:30,1,0,0,Pam,12.56/23/16 7:20,23-Jun,7:20,1,1,1,Pam,7.56/22/16 17:12,22-Jun,17:12,0,1,0,Andrew,176/22/16 16:46,22-Jun,16:46,1,0,1,Andrew,176/22/16 10:25,22-Jun,10:25,0,1,0,Andrew,10.56/21/16 19:46,21-Jun,19:46,0,0,1,Pam,206/21/16 19:36,21-Jun,19:36,1,0,0,Andrew,19.56/21/16 9:25,21-Jun,9:25,1,0,1,Tom,9.56/20/16 22:19,20-Jun,22:19,1,0,0,Andrew,22.56/20/16 17:00,20-Jun,17:00,0,0,1,Tom,176/20/16 16:45,20-Jun,16:45,1,0,0,Pam,176/20/16 11:23,20-Jun,11:23,0,1,0,Pam,11.56/20/16 8:45,20-Jun,8:45,1,0,1,Pam,96/19/16 22:43,19-Jun,22:43,1,0,0,Tom,22.56/19/16 21:47,19-Jun,21:47,1,0,0,Pam,226/19/16 16:45,19-Jun,16:45,0,0,1,Tom,176/19/16 15:00,19-Jun,15:00,1,0,0,Tom,156/19/16 12:15,19-Jun,12:15,0,1,0,Andrew,12.56/19/16 12:00,19-Jun,12:00,0,1,0,Tom,126/19/16 8:00,19-Jun,8:00,1,0,1,Tom,86/18/16 21:24,18-Jun,21:24,1,0,0,Andrew,21.56/18/16 20:11,18-Jun,20:11,0,1,0,Andrew,206/18/16 19:23,18-Jun,19:23,1,0,1,Andrew,19.56/18/16 8:46,18-Jun,8:46,1,1,1,Tom,96/17/16 22:15,17-Jun,22:15,1,0,0,Tom,22.56/17/16 19:39,17-Jun,19:39,1,0,0,Tom,19.56/17/16 17:47,17-Jun,17:47,0,0,1,Andrew,186/17/16 14:08,17-Jun,14:08,1,0,0,Andrew,146/17/16 11:20,17-Jun,11:20,0,1,0,Andrew,11.56/17/16 5:20,17-Jun,5:20,1,0,1,Andrew,5.56/17/16 1:28,17-Jun,1:28,1,0,0,Andrew,1.56/16/16 20:38,16-Jun,20:38,1,0,0,Andrew,20.56/16/16 19:00,16-Jun,19:00,0,0,1,Andrew,196/16/16 16:11,16-Jun,16:11,0,1,0,Andrew,166/16/16 16:00,16-Jun,16:00,1,0,1,Andrew,166/16/16 2:37,16-Jun,2:37,1,0,0,Andrew,2.56/15/16 22:28,15-Jun,22:28,1,0,0,Andrew,22.56/15/16 17:59,15-Jun,17:59,0,1,0,Andrew,186/15/16 17:03,15-Jun,17:03,1,0,1,Andrew,176/15/16 9:46,15-Jun,9:46,1,1,0,Pam,106/15/16 7:53,15-Jun,7:53,1,0,1,Tom,86/14/16 21:59,14-Jun,21:59,1,0,0,Andrew,226/14/16 17:30,14-Jun,17:30,1,1,0,Andrew,17.56/14/16 16:42,14-Jun,16:42,1,0,1,Andrew,16.56/14/16 14:51,14-Jun,14:51,0,1,0,Pam,156/14/16 8:33,14-Jun,8:33,1,0,1,Pam,8.56/13/16 22:55,13-Jun,22:55,1,0,0,Andrew,236/13/16 19:04,13-Jun,19:04,1,0,0,Tom,196/13/16 17:31,13-Jun,17:31,0,0,1,Pam,17.56/13/16 16:08,13-Jun,16:08,1,1,0,Andrew,166/13/16 9:00,13-Jun,9:00,1,1,1,Pam,96/12/16 22:26,12-Jun,22:26,1,0,0,Tom,22.56/12/16 17:57,12-Jun,17:57,0,0,1,Andrew,186/12/16 16:52,12-Jun,16:52,1,0,0,Andrew,176/12/16 13:00,12-Jun,13:00,0,1,0,Andrew,136/12/16 8:39,12-Jun,8:39,1,0,1,Tom,8.56/11/16 22:30,11-Jun,22:30,1,0,0,Andrew,22.56/11/16 20:02,11-Jun,20:02,1,0,0,Tom,206/11/16 17:08,11-Jun,17:08,0,0,1,Pam,176/11/16 16:30,11-Jun,16:30,1,1,0,Tom,16.56/11/16 15:13,11-Jun,15:13,1,0,0,Andrew,156/11/16 9:51,11-Jun,9:51,1,1,1,Andrew,106/10/16 23:31,10-Jun,23:31,1,0,0,Andrew,23.56/10/16 19:39,10-Jun,19:39,1,0,0,Andrew,19.56/10/16 17:06,10-Jun,17:06,0,0,1,Andrew,176/10/16 11:42,10-Jun,11:42,0,1,0,Andrew,11.56/10/16 11:32,10-Jun,11:32,0,0,1,Andrew,11.56/9/16 21:26,9-Jun,21:26,1,0,0,Andrew,21.56/9/16 16:49,9-Jun,16:49,0,0,1,Andrew,176/9/16 15:49,9-Jun,15:49,1,0,0,Andrew,166/9/16 8:00,9-Jun,8:00,1,1,1,Tom,86/8/16 18:27,8-Jun,18:27,1,0,1,Pam,18.56/8/16 15:20,8-Jun,15:20,1,0,0,Andrew,15.56/8/16 15:19,8-Jun,15:19,1,0,0,Tom,15.56/8/16 8:07,8-Jun,8:07,1,1,1,Pam,86/7/16 22:44,7-Jun,22:44,1,0,0,Andrew,22.56/7/16 19:30,7-Jun,19:30,1,0,0,Andrew,19.56/7/16 18:15,7-Jun,18:15,0,0,1,Pam,18.56/7/16 17:30,7-Jun,17:30,1,0,0,Pam,17.56/7/16 15:00,7-Jun,15:00,1,1,0,Pam,156/7/16 8:00,7-Jun,8:00,1,1,1,Tom,86/6/16 20:40,6-Jun,20:40,1,0,0,Pam,20.56/6/16 17:00,6-Jun,17:00,0,0,1,Pam,176/6/16 16:30,6-Jun,16:30,1,1,0,Pam,16.56/6/16 8:00,6-Jun,8:00,1,1,1,Tom,86/5/16 21:41,5-Jun,21:41,1,0,0,Tom,21.56/5/16 16:45,5-Jun,16:45,0,0,1,Pam,176/5/16 8:55,5-Jun,8:55,1,0,1,Pam,96/4/16 19:01,4-Jun,19:01,0,0,1,Andrew,196/4/16 16:00,4-Jun,16:00,1,1,0,Tom,166/4/16 10:30,4-Jun,10:30,1,0,0,Tom,10.56/4/16 8:30,4-Jun,8:30,1,0,0,Pam,8.56/4/16 6:30,4-Jun,6:30,0,0,1,Andrew,6.56/3/16 23:00,3-Jun,23:00,1,0,0,Pam,236/3/16 17:19,3-Jun,17:19,1,0,1,Pam,17.56/3/16 13:00,3-Jun,13:00,1,1,0,Pam,136/3/16 8:15,3-Jun,8:15,1,0,1,Tom,8.56/2/16 23:09,2-Jun,23:09,1,0,0,Andrew,236/2/16 19:49,2-Jun,19:49,1,0,0,Andrew,206/2/16 17:21,2-Jun,17:21,1,0,1,Pam,17.56/2/16 16:00,2-Jun,16:00,1,1,0,Pam,166/2/16 9:18,2-Jun,9:18,1,1,1,Tom,9.56/1/16 20:34,1-Jun,20:34,1,0,0,Tom,20.56/1/16 17:10,1-Jun,17:10,0,0,1,Pam,176/1/16 14:55,1-Jun,14:55,1,0,0,Tom,156/1/16 14:51,1-Jun,14:51,0,1,0,Pam,156/1/16 8:17,1-Jun,8:17,1,0,1,Tom,8.55/31/16 22:03,31-May,22:03,1,0,0,Tom,225/31/16 18:15,31-May,18:15,0,1,0,Pam,18.55/31/16 17:45,31-May,17:45,0,0,1,Andrew,185/31/16 16:22,31-May,16:22,1,0,0,Pam,16.55/31/16 12:00,31-May,12:00,0,1,0,Pam,125/31/16 8:40,31-May,8:40,1,0,1,Tom,8.55/30/16 22:58,30-May,22:58,1,0,0,Tom,235/30/16 21:21,30-May,21:21,1,0,0,Tom,21.55/30/16 17:31,30-May,17:31,1,0,0,Pam,17.55/30/16 16:52,30-May,16:52,0,0,1,Tom,175/30/16 14:30,30-May,14:30,0,1,0,Pam,14.55/30/16 14:13,30-May,14:13,0,1,0,Pam,145/30/16 8:43,30-May,8:43,1,0,1,Pam,8.55/29/16 22:14,29-May,22:14,1,0,0,Tom,225/29/16 21:25,29-May,21:25,0,1,0,Andrew,21.55/29/16 17:32,29-May,17:32,1,0,0,Pam,17.55/29/16 17:19,29-May,17:19,0,0,1,Tom,17.55/29/16 8:22,29-May,8:22,1,1,1,Pam,8.55/28/16 22:04,28-May,22:04,1,0,0,Andrew,225/28/16 18:05,28-May,18:05,0,0,1,Pam,185/28/16 17:05,28-May,17:05,1,1,0,Andrew,175/28/16 12:17,28-May,12:17,1,1,0,Pam,12.55/28/16 8:15,28-May,8:15,1,0,1,Pam,8.55/27/16 21:53,27-May,21:53,0,1,0,Andrew,225/27/16 19:23,27-May,19:23,1,0,0,Andrew,19.55/27/16 16:44,27-May,16:44,0,0,1,Andrew,16.55/27/16 15:14,27-May,15:14,1,0,0,Andrew,155/27/16 10:33,27-May,10:33,0,1,0,Andrew,10.55/27/16 8:30,27-May,8:30,1,0,1,Pam,8.55/26/16 23:28,26-May,23:28,0,1,0,Andrew,23.55/26/16 20:59,26-May,20:59,1,0,0,Pam,215/26/16 17:38,26-May,17:38,0,0,1,Pam,17.55/26/16 14:43,26-May,14:43,1,1,0,Pam,14.55/26/16 12:03,26-May,12:03,0,1,0,Andrew,125/26/16 8:45,26-May,8:45,1,0,1,Pam,95/25/16 23:32,25-May,23:32,1,0,0,Andrew,23.55/25/16 18:43,25-May,18:43,1,0,0,Andrew,18.55/25/16 16:55,25-May,16:55,0,1,1,Andrew,175/25/16 14:49,25-May,14:49,1,0,0,Andrew,155/25/16 8:55,25-May,8:55,1,1,1,Pam,95/24/16 23:33,24-May,23:33,1,0,0,Andrew,23.55/24/16 21:31,24-May,21:31,0,1,0,Andrew,21.55/24/16 18:20,24-May,18:20,1,0,1,Andrew,18.55/24/16 12:20,24-May,12:20,1,0,0,Andrew,12.55/24/16 9:40,24-May,9:40,0,1,1,Pam,9.55/23/16 22:19,23-May,22:19,1,0,0,Andrew,22.55/23/16 21:04,23-May,21:04,0,1,0,Andrew,215/23/16 20:30,23-May,20:30,0,0,1,Pam,20.55/23/16 16:15,23-May,16:15,1,0,0,Pam,16.55/23/16 11:22,23-May,11:22,1,0,0,Andrew,11.55/23/16 7:40,23-May,7:40,0,1,1,Tom,7.55/22/16 17:25,22-May,17:25,1,0,0,Pam,17.55/22/16 17:12,22-May,17:12,0,0,1,Andrew,175/22/16 15:30,22-May,15:30,0,1,0,Andrew,15.55/22/16 8:51,22-May,8:51,1,1,1,Pam,95/21/16 17:07,21-May,17:07,0,0,1,Tom,175/21/16 11:15,21-May,11:15,1,0,0,Tom,11.55/21/16 7:07,21-May,7:07,0,1,1,Tom,75/20/16 15:26,20-May,15:26,1,0,0,Andrew,15.55/20/16 10:18,20-May,10:18,0,1,0,Andrew,10.55/20/16 7:45,20-May,7:45,1,0,1,Tom,85/19/16 17:07,19-May,17:07,1,0,0,Tom,175/19/16 17:00,19-May,17:00,0,0,1,Andrew,175/18/16 17:35,18-May,17:35,1,0,0,Tom,17.55/18/16 17:20,18-May,17:20,0,0,1,Andrew,17.55/18/16 16:00,18-May,16:00,0,1,0,Andrew,165/18/16 14:04,18-May,14:04,1,0,0,Andrew,145/18/16 7:46,18-May,7:46,1,1,1,Tom,85/17/16 16:54,17-May,16:54,0,0,1,Andrew,175/17/16 15:20,17-May,15:20,1,0,0,Andrew,15.55/17/16 10:44,17-May,10:44,0,1,0,Tom,10.55/17/16 7:53,17-May,7:53,1,0,1,Tom,85/16/16 17:45,16-May,17:45,1,1,0,Tom,185/16/16 17:25,16-May,17:25,0,0,1,Andrew,17.55/16/16 12:27,16-May,12:27,1,0,0,Tom,12.55/16/16 7:45,16-May,7:45,1,1,1,Tom,85/15/16 21:41,15-May,21:41,1,0,0,Tom,21.55/15/16 19:31,15-May,19:31,0,1,0,Tom,19.55/15/16 17:00,15-May,17:00,0,0,1,Tom,175/15/16 13:01,15-May,13:01,1,0,0,Andrew,135/15/16 8:45,15-May,8:45,1,1,1,Tom,95/14/16 19:25,14-May,19:25,1,0,0,Andrew,19.55/14/16 17:44,14-May,17:44,1,1,0,Andrew,17.55/14/16 16:59,14-May,16:59,0,0,1,Pam,175/14/16 14:38,14-May,14:38,1,0,0,Andrew,14.55/14/16 7:45,14-May,7:45,1,0,1,Tom,85/13/16 22:12,13-May,22:12,1,1,0,Tom,225/13/16 19:54,13-May,19:54,1,0,0,Andrew,205/13/16 16:33,13-May,16:33,1,0,1,Andrew,16.55/13/16 7:36,13-May,7:36,1,1,1,Tom,7.55/12/16 22:56,12-May,22:56,1,0,0,Andrew,235/12/16 20:00,12-May,20:00,1,0,0,Pam,205/12/16 17:30,12-May,17:30,1,0,0,Tom,17.55/12/16 17:20,12-May,17:20,0,0,1,Tom,17.55/12/16 15:17,12-May,15:17,1,1,0,Andrew,15.55/12/16 7:41,12-May,7:41,1,1,1,Tom,7.55/11/16 21:22,11-May,21:22,1,1,0,Tom,21.55/11/16 17:15,11-May,17:15,0,0,1,Tom,17.55/11/16 15:04,11-May,15:04,1,0,0,Tom,155/11/16 7:40,11-May,7:40,1,1,1,Tom,7.55/10/16 21:40,10-May,21:40,1,0,0,Tom,21.55/10/16 19:42,10-May,19:42,1,0,0,Andrew,19.55/10/16 17:40,10-May,17:40,1,1,0,Tom,17.55/10/16 17:29,10-May,17:29,0,0,1,Andrew,17.55/10/16 14:09,10-May,14:09,1,0,0,Andrew,145/10/16 11:05,10-May,11:05,0,1,0,Andrew,115/10/16 8:15,10-May,8:15,1,1,1,Tom,8.55/9/16 18:31,9-May,18:31,1,0,0,Tom,18.55/9/16 16:58,9-May,16:58,0,0,1,Andrew,175/9/16 14:28,9-May,14:28,1,0,0,Andrew,14.55/9/16 6:00,9-May,6:00,1,1,1,Tom,65/8/16 20:00,8-May,20:00,1,0,0,Andrew,205/8/16 18:00,8-May,18:00,0,0,1,Tom,185/8/16 15:52,8-May,15:52,1,1,0,Pam,165/8/16 8:42,8-May,8:42,1,0,1,Tom,8.55/7/16 21:58,7-May,21:58,1,0,0,Pam,225/7/16 18:03,7-May,18:03,1,0,0,Tom,185/7/16 16:56,7-May,16:56,1,1,0,Andrew,175/7/16 16:55,7-May,16:55,0,0,1,Pam,175/7/16 12:37,7-May,12:37,1,1,1,Andrew,12.55/6/16 23:35,6-May,23:35,1,0,0,Andrew,23.55/6/16 17:50,6-May,17:50,0,0,1,Andrew,185/6/16 16:09,6-May,16:09,1,0,0,Andrew,165/6/16 13:01,6-May,13:01,1,1,1,Andrew,135/6/16 0:04,6-May,0:04,1,0,0,Andrew, -   5/5/16 18:46,5-May,18:46,1,0,0,Andrew,195/5/16 17:57,5-May,17:57,0,0,1,Andrew,185/5/16 15:33,5-May,15:33,0,1,0,Andrew,15.55/5/16 13:00,5-May,13:00,1,0,1,Andrew,135/5/16 2:13,5-May,2:13,1,0,0,Andrew,25/4/16 22:45,4-May,22:45,1,0,0,Andrew,235/4/16 18:28,4-May,18:28,0,0,1,Andrew,18.55/4/16 17:32,4-May,17:32,1,0,0,Andrew,17.55/4/16 13:01,4-May,13:01,1,1,1,Andrew,135/4/16 0:59,4-May,0:59,1,0,0,Andrew,15/3/16 20:36,3-May,20:36,1,0,0,Andrew,20.55/3/16 17:47,3-May,17:47,0,1,0,Andrew,185/3/16 17:37,3-May,17:37,0,0,1,Andrew,17.55/3/16 12:59,3-May,12:59,1,0,1,Andrew,135/2/16 23:45,2-May,23:45,1,1,0,Andrew,245/2/16 18:45,2-May,18:45,1,0,0,Andrew,195/2/16 16:52,2-May,16:52,1,0,1,Andrew,175/2/16 15:57,2-May,15:57,0,1,0,Andrew,165/2/16 12:14,2-May,12:14,1,1,1,Andrew,125/2/16 0:23,2-May,0:23,1,0,0,Andrew,0.55/1/16 20:20,1-May,20:20,1,0,0,Andrew,20.55/1/16 18:15,1-May,18:15,1,0,0,Andrew,18.55/1/16 17:14,1-May,17:14,0,0,1,Andrew,175/1/16 14:05,1-May,14:05,0,1,0,Andrew,145/1/16 11:47,1-May,11:47,1,0,1,Andrew,124/30/16 23:50,30-Apr,23:50,1,0,0,Andrew,244/30/16 19:30,30-Apr,19:30,1,0,0,Andrew,19.54/30/16 18:00,30-Apr,18:00,0,0,1,Andrew,184/30/16 14:00,30-Apr,14:00,0,1,0,Andrew,144/30/16 11:49,30-Apr,11:49,1,0,1,Andrew,124/29/16 23:01,29-Apr,23:01,0,1,0,Andrew,234/29/16 19:14,29-Apr,19:14,1,0,0,Andrew,194/29/16 17:30,29-Apr,17:30,0,0,1,Andrew,17.54/29/16 12:16,29-Apr,12:16,0,1,0,Andrew,12.54/29/16 11:57,29-Apr,11:57,1,0,1,Andrew,124/29/16 0:11,29-Apr,0:11,1,0,0,Andrew, -   4/28/16 21:06,28-Apr,21:06,1,0,0,Andrew,214/28/16 17:45,28-Apr,17:45,1,0,1,Andrew,184/28/16 14:10,28-Apr,14:10,0,1,0,Andrew,144/28/16 13:01,28-Apr,13:01,1,0,1,Andrew,134/28/16 1:28,28-Apr,1:28,0,1,0,Andrew,1.54/27/16 18:30,27-Apr,18:30,1,0,0,Andrew,18.54/27/16 17:26,27-Apr,17:26,0,0,1,Andrew,17.54/27/16 15:53,27-Apr,15:53,1,1,0,Andrew,164/27/16 13:51,27-Apr,13:51,1,0,0,Andrew,144/27/16 11:00,27-Apr,11:00,0,1,1,Andrew,114/27/16 0:00,27-Apr,0:00,1,0,0,Andrew, -   4/26/16 20:14,26-Apr,20:14,1,0,0,Andrew,204/26/16 18:13,26-Apr,18:13,0,0,1,Andrew,184/26/16 14:25,26-Apr,14:25,1,1,0,Andrew,14.54/26/16 11:59,26-Apr,11:59,1,0,1,Andrew,124/26/16 0:44,26-Apr,0:44,1,0,0,Andrew,0.54/25/16 22:36,25-Apr,22:36,1,0,0,Andrew,22.54/25/16 20:01,25-Apr,20:01,1,0,0,Andrew,204/25/16 18:02,25-Apr,18:02,0,0,1,Andrew,184/25/16 16:13,25-Apr,16:13,1,0,0,Andrew,164/25/16 13:01,25-Apr,13:01,1,0,0,Andrew,134/25/16 12:10,25-Apr,12:10,0,1,1,Andrew,124/24/16 22:42,24-Apr,22:42,1,0,0,Andrew,22.54/24/16 19:53,24-Apr,19:53,1,0,0,Andrew,204/24/16 18:31,24-Apr,18:31,1,0,1,Andrew,18.54/24/16 15:06,24-Apr,15:06,1,0,0,Andrew,154/24/16 12:47,24-Apr,12:47,0,1,0,Andrew,134/24/16 11:58,24-Apr,11:58,1,0,1,Andrew,124/23/16 21:39,23-Apr,21:39,1,0,0,Andrew,21.54/23/16 20:03,23-Apr,20:03,0,1,0,Andrew,204/23/16 18:00,23-Apr,18:00,0,0,1,Andrew,184/23/16 12:34,23-Apr,12:34,1,0,1,Andrew,12.54/22/16 23:03,22-Apr,23:03,1,0,0,Andrew,234/22/16 20:42,22-Apr,20:42,0,1,0,Andrew,20.54/22/16 17:45,22-Apr,17:45,0,0,1,Andrew,184/22/16 13:18,22-Apr,13:18,0,1,0,Andrew,13.54/22/16 12:12,22-Apr,12:12,1,0,1,Andrew,124/21/16 23:30,21-Apr,23:30,1,0,0,Andrew,23.54/21/16 20:04,21-Apr,20:04,1,0,0,Andrew,204/21/16 17:24,21-Apr,17:24,0,0,1,Andrew,17.54/21/16 12:05,21-Apr,12:05,0,1,0,Andrew,124/21/16 11:34,21-Apr,11:34,1,0,1,Andrew,11.54/21/16 1:00,21-Apr,1:00,1,0,0,Andrew,14/20/16 17:00,20-Apr,17:00,0,0,1,Andrew,174/20/16 16:08,20-Apr,16:08,1,0,0,Andrew,164/20/16 14:03,20-Apr,14:03,0,1,0,Andrew,144/20/16 8:26,20-Apr,8:26,1,0,1,Pam,8.54/19/16 23:06,19-Apr,23:06,1,0,0,Tom,234/19/16 19:20,19-Apr,19:20,0,1,0,Andrew,19.54/19/16 17:06,19-Apr,17:06,0,0,1,Andrew,174/19/16 16:38,19-Apr,16:38,1,0,0,Andrew,16.54/19/16 8:40,19-Apr,8:40,1,1,1,Pam,8.54/18/16 23:10,18-Apr,23:10,1,0,0,Tom,234/18/16 18:21,18-Apr,18:21,1,0,0,Pam,18.54/18/16 17:35,18-Apr,17:35,1,0,0,Tom,17.54/18/16 16:58,18-Apr,16:58,0,0,1,Pam,174/18/16 15:02,18-Apr,15:02,1,0,0,Andrew,154/18/16 8:00,18-Apr,8:00,1,1,1,Pam,84/17/16 21:46,17-Apr,21:46,1,0,0,Andrew,224/17/16 20:40,17-Apr,20:40,1,0,0,Andrew,20.54/17/16 18:00,17-Apr,18:00,1,0,1,Andrew,184/17/16 16:00,17-Apr,16:00,1,1,0,Andrew,164/17/16 10:11,17-Apr,10:11,1,0,0,Tom,104/17/16 8:30,17-Apr,8:30,1,0,1,Tom,8.54/16/16 23:30,16-Apr,23:30,1,0,0,Andrew,23.54/16/16 21:16,16-Apr,21:16,0,1,0,Andrew,21.54/16/16 19:46,16-Apr,19:46,1,0,0,Andrew,204/16/16 17:02,16-Apr,17:02,0,0,1,Andrew,174/16/16 14:19,16-Apr,14:19,1,0,0,Andrew,14.54/16/16 8:51,16-Apr,8:51,1,1,1,Tom,94/15/16 22:51,15-Apr,22:51,1,0,0,Tom,234/15/16 20:08,15-Apr,20:08,1,0,0,Andrew,204/15/16 17:00,15-Apr,17:00,1,0,1,Andrew,174/15/16 12:15,15-Apr,12:15,1,0,0,Andrew,12.54/15/16 8:40,15-Apr,8:40,1,1,1,Tom,8.54/14/16 23:40,14-Apr,23:40,1,1,0,Tom,23.54/14/16 17:16,14-Apr,17:16,0,0,1,Andrew,17.54/14/16 15:45,14-Apr,15:45,1,0,0,Andrew,164/14/16 12:00,14-Apr,12:00,1,0,0,Pam,124/14/16 8:40,14-Apr,8:40,1,1,1,Tom,8.54/13/16 23:06,13-Apr,23:06,1,0,0,Tom,234/13/16 19:45,13-Apr,19:45,1,0,0,Andrew,204/13/16 17:34,13-Apr,17:34,1,0,1,Tom,17.54/13/16 14:13,13-Apr,14:13,1,0,0,Andrew,144/13/16 12:24,13-Apr,12:24,1,1,0,Pam,12.54/13/16 8:48,13-Apr,8:48,1,1,1,Pam,94/12/16 22:42,12-Apr,22:42,1,0,0,Tom,22.54/12/16 18:57,12-Apr,18:57,1,0,0,Andrew,194/12/16 17:00,12-Apr,17:00,0,0,1,Pam,174/12/16 16:38,12-Apr,16:38,1,0,0,Tom,16.54/12/16 13:58,12-Apr,13:58,1,0,0,Andrew,144/12/16 9:15,12-Apr,9:15,1,1,1,Pam,9.54/11/16 20:49,11-Apr,20:49,1,0,0,Tom,214/11/16 17:00,11-Apr,17:00,0,0,1,Andrew,174/11/16 15:45,11-Apr,15:45,1,0,0,Andrew,164/11/16 14:01,11-Apr,14:01,0,1,0,Andrew,144/11/16 9:09,11-Apr,9:09,0,1,0,Tom,94/11/16 9:04,11-Apr,9:04,1,0,1,Tom,94/10/16 22:46,10-Apr,22:46,1,0,0,Pam,234/10/16 20:14,10-Apr,20:14,1,0,1,Pam,204/10/16 16:00,10-Apr,16:00,1,0,0,Andrew,164/10/16 8:30,10-Apr,8:30,1,1,1,Tom,8.54/9/16 23:19,9-Apr,23:19,1,0,0,Andrew,23.54/9/16 23:19,9-Apr,23:19,1,0,0,Andrew,23.54/9/16 19:42,9-Apr,19:42,1,0,0,Pam,19.54/9/16 17:00,9-Apr,17:00,0,0,1,Andrew,174/9/16 15:30,9-Apr,15:30,1,0,0,Pam,15.54/9/16 14:00,9-Apr,14:00,1,1,0,Pam,144/9/16 11:30,9-Apr,11:30,1,0,0,Andrew,11.54/9/16 8:20,9-Apr,8:20,1,1,1,Tom,8.54/8/16 23:00,8-Apr,23:00,1,0,0,Unknown,234/8/16 19:30,8-Apr,19:30,1,0,0,Unknown,19.54/8/16 17:30,8-Apr,17:30,0,0,1,Unknown,17.54/8/16 15:00,8-Apr,15:00,0,1,0,Unknown,154/8/16 8:20,8-Apr,8:20,1,1,1,Unknown,8.54/7/16 23:00,7-Apr,23:00,1,0,0,Unknown,234/7/16 17:30,7-Apr,17:30,1,0,0,Unknown,17.54/7/16 17:00,7-Apr,17:00,0,0,1,Unknown,174/7/16 14:00,7-Apr,14:00,1,0,0,Unknown,144/7/16 8:30,7-Apr,8:30,1,1,1,Unknown,8.54/6/16 21:35,6-Apr,21:35,1,0,0,Unknown,21.54/6/16 17:00,6-Apr,17:00,1,0,1,Unknown,174/6/16 14:00,6-Apr,14:00,1,0,0,Unknown,144/6/16 10:30,6-Apr,10:30,1,0,0,Unknown,10.54/6/16 9:00,6-Apr,9:00,1,1,1,Unknown,94/5/16 23:15,5-Apr,23:15,1,0,0,Unknown,23.54/5/16 20:00,5-Apr,20:00,1,0,0,Unknown,204/5/16 17:00,5-Apr,17:00,0,0,1,Unknown,174/5/16 15:40,5-Apr,15:40,0,1,0,Unknown,15.54/5/16 13:30,5-Apr,13:30,1,0,0,Unknown,13.54/5/16 11:30,5-Apr,11:30,0,1,0,Unknown,11.54/5/16 8:30,5-Apr,8:30,1,0,1,Unknown,8.54/4/16 22:15,4-Apr,22:15,1,0,0,Unknown,22.54/4/16 17:00,4-Apr,17:00,0,0,1,Unknown,174/4/16 16:00,4-Apr,16:00,1,0,0,Unknown,164/4/16 12:00,4-Apr,12:00,1,0,0,Unknown,124/4/16 9:30,4-Apr,9:30,1,1,1,Unknown,9.54/3/16 22:45,3-Apr,22:45,1,1,0,Unknown,234/3/16 20:40,3-Apr,20:40,1,0,0,Unknown,20.54/3/16 19:30,3-Apr,19:30,0,1,0,Unknown,19.54/3/16 17:00,3-Apr,17:00,0,0,1,Unknown,174/3/16 15:30,3-Apr,15:30,1,0,0,Unknown,15.54/3/16 14:00,3-Apr,14:00,1,0,0,Unknown,144/3/16 11:00,3-Apr,11:00,0,1,0,Unknown,114/3/16 9:30,3-Apr,9:30,1,0,1,Unknown,9.54/2/16 23:00,2-Apr,23:00,1,0,0,Unknown,234/2/16 21:00,2-Apr,21:00,1,0,0,Unknown,214/2/16 19:30,2-Apr,19:30,1,0,0,Unknown,19.54/2/16 17:30,2-Apr,17:30,1,0,0,Unknown,17.54/2/16 17:00,2-Apr,17:00,0,0,1,Unknown,174/2/16 15:00,2-Apr,15:00,0,1,0,Unknown,154/2/16 11:00,2-Apr,11:00,1,0,1,Unknown,114/1/16 21:45,1-Apr,21:45,1,0,0,Unknown,224/1/16 19:30,1-Apr,19:30,1,0,0,Unknown,19.54/1/16 18:00,1-Apr,18:00,0,1,1,Unknown,184/1/16 12:00,1-Apr,12:00,1,0,1,Unknown,124/1/16 0:00,1-Apr,0:00,1,0,0,Unknown, -   3/31/16 22:00,31-Mar,22:00,1,0,0,Unknown,223/31/16 21:00,31-Mar,21:00,1,0,0,Unknown,213/31/16 20:00,31-Mar,20:00,1,0,0,Unknown,203/31/16 17:30,31-Mar,17:30,0,1,0,Unknown,17.53/31/16 17:00,31-Mar,17:00,0,0,1,Unknown,173/31/16 13:30,31-Mar,13:30,1,0,0,Unknown,13.53/31/16 11:00,31-Mar,11:00,1,0,1,Unknown,113/30/16 23:00,30-Mar,23:00,1,0,0,Unknown,233/30/16 20:15,30-Mar,20:15,1,0,0,Unknown,20.53/30/16 19:15,30-Mar,19:15,1,0,0,Unknown,19.53/30/16 18:00,30-Mar,18:00,0,0,1,Unknown,183/30/16 16:00,30-Mar,16:00,0,1,0,Unknown,163/30/16 15:30,30-Mar,15:30,1,0,0,Unknown,15.53/30/16 13:45,30-Mar,13:45,0,1,0,Unknown,143/30/16 12:00,30-Mar,12:00,1,0,1,Unknown,123/29/16 22:30,29-Mar,22:30,1,0,0,Unknown,22.53/29/16 19:45,29-Mar,19:45,0,1,0,Unknown,203/29/16 18:00,29-Mar,18:00,1,0,0,Unknown,183/29/16 17:15,29-Mar,17:15,0,0,1,Unknown,17.53/29/16 14:00,29-Mar,14:00,0,1,0,Unknown,143/29/16 10:30,29-Mar,10:30,1,0,0,Unknown,10.53/29/16 8:30,29-Mar,8:30,0,1,1,Unknown,8.53/29/16 4:30,29-Mar,4:30,1,0,0,Unknown,4.53/28/16 20:30,28-Mar,20:30,0,1,0,Unknown,20.53/28/16 17:00,28-Mar,17:00,1,0,1,Unknown,173/28/16 8:15,28-Mar,8:15,1,0,1,Unknown,8.53/27/16 23:15,27-Mar,23:15,1,0,0,Unknown,23.53/27/16 17:30,27-Mar,17:30,0,0,1,Unknown,17.53/27/16 17:00,27-Mar,17:00,1,0,0,Unknown,173/27/16 15:00,27-Mar,15:00,1,1,0,Unknown,153/27/16 11:15,27-Mar,11:15,1,0,0,Unknown,11.53/27/16 8:45,27-Mar,8:45,1,1,1,Unknown,93/26/16 20:30,26-Mar,20:30,1,0,0,Unknown,20.53/26/16 17:00,26-Mar,17:00,0,0,1,Unknown,173/26/16 15:30,26-Mar,15:30,1,1,0,Unknown,15.53/26/16 13:30,26-Mar,13:30,1,0,0,Unknown,13.53/26/16 8:30,26-Mar,8:30,1,1,1,Unknown,8.53/26/16 0:00,26-Mar,0:00,1,0,0,Unknown, -   3/25/16 22:45,25-Mar,22:45,0,1,0,Unknown,233/25/16 19:00,25-Mar,19:00,1,0,0,Unknown,193/25/16 17:00,25-Mar,17:00,0,0,1,Unknown,173/25/16 16:30,25-Mar,16:30,1,0,0,Unknown,16.53/25/16 12:15,25-Mar,12:15,1,0,0,Unknown,12.53/25/16 8:15,25-Mar,8:15,1,1,1,Unknown,8.53/24/16 22:30,24-Mar,22:30,1,0,0,Unknown,22.53/24/16 17:15,24-Mar,17:15,0,0,1,Unknown,17.53/24/16 15:00,24-Mar,15:00,1,0,0,Unknown,153/24/16 11:40,24-Mar,11:40,0,1,0,Unknown,11.53/24/16 9:00,24-Mar,9:00,1,0,1,Unknown,93/23/16 23:00,23-Mar,23:00,1,0,0,Unknown,233/23/16 20:30,23-Mar,20:30,0,1,0,Unknown,20.53/23/16 19:30,23-Mar,19:30,1,0,0,Unknown,19.53/23/16 17:30,23-Mar,17:30,0,0,1,Unknown,17.53/23/16 16:30,23-Mar,16:30,1,0,0,Unknown,16.53/23/16 14:00,23-Mar,14:00,1,0,0,Unknown,143/23/16 10:30,23-Mar,10:30,0,1,0,Unknown,10.53/23/16 8:45,23-Mar,8:45,1,0,1,Unknown,93/22/16 22:15,22-Mar,22:15,1,0,0,Unknown,22.53/22/16 20:30,22-Mar,20:30,1,0,0,Unknown,20.53/22/16 19:00,22-Mar,19:00,1,0,0,Unknown,193/22/16 18:30,22-Mar,18:30,1,0,0,Unknown,18.53/22/16 17:00,22-Mar,17:00,0,0,1,Unknown,173/22/16 15:15,22-Mar,15:15,0,1,0,Unknown,15.53/22/16 13:45,22-Mar,13:45,1,0,0,Unknown,143/22/16 8:30,22-Mar,8:30,1,0,1,Unknown,8.53/21/16 23:00,21-Mar,23:00,1,0,0,Unknown,233/21/16 20:00,21-Mar,20:00,1,0,0,Unknown,203/21/16 17:00,21-Mar,17:00,0,0,1,Unknown,173/21/16 16:45,21-Mar,16:45,1,0,0,Unknown,173/21/16 10:00,21-Mar,10:00,1,1,0,Unknown,103/21/16 8:30,21-Mar,8:30,1,0,1,Unknown,8.53/20/16 21:30,20-Mar,21:30,1,0,0,Unknown,21.53/20/16 18:15,20-Mar,18:15,1,0,1,Unknown,18.53/20/16 16:00,20-Mar,16:00,0,1,0,Unknown,163/20/16 10:45,20-Mar,10:45,1,0,0,Unknown,113/20/16 9:00,20-Mar,9:00,1,0,1,Unknown,93/19/16 23:00,19-Mar,23:00,1,0,0,Unknown,233/19/16 21:00,19-Mar,21:00,1,0,0,Unknown,213/19/16 20:00,19-Mar,20:00,0,1,0,Unknown,203/19/16 18:30,19-Mar,18:30,0,0,1,Unknown,18.53/19/16 17:00,19-Mar,17:00,1,0,0,Unknown,173/19/16 12:00,19-Mar,12:00,1,0,1,Unknown,123/19/16 1:30,19-Mar,1:30,0,1,0,Unknown,1.53/18/16 23:30,18-Mar,23:30,1,0,0,Unknown,23.53/18/16 21:45,18-Mar,21:45,1,0,0,Unknown,223/18/16 17:00,18-Mar,17:00,0,0,1,Unknown,173/18/16 16:00,18-Mar,16:00,0,1,0,Unknown,163/18/16 14:00,18-Mar,14:00,1,0,0,Unknown,143/18/16 12:00,18-Mar,12:00,1,0,0,Unknown,123/18/16 10:15,18-Mar,10:15,0,1,0,Unknown,10.53/18/16 9:30,18-Mar,9:30,1,0,1,Unknown,9.53/18/16 1:00,18-Mar,1:00,1,0,0,Unknown,13/17/16 22:00,17-Mar,22:00,0,1,0,Unknown,223/17/16 18:00,17-Mar,18:00,1,0,0,Unknown,183/17/16 17:30,17-Mar,17:30,0,0,1,Unknown,17.53/17/16 15:00,17-Mar,15:00,1,0,0,Unknown,153/17/16 11:00,17-Mar,11:00,0,1,1,Unknown,113/17/16 1:30,17-Mar,1:30,1,0,0,Unknown,1.53/16/16 21:30,16-Mar,21:30,1,0,0,Unknown,21.53/16/16 19:30,16-Mar,19:30,1,0,0,Unknown,19.53/16/16 19:00,16-Mar,19:00,0,1,1,Unknown,193/16/16 12:00,16-Mar,12:00,1,0,1,Unknown,123/16/16 2:15,16-Mar,2:15,1,0,0,Unknown,2.53/16/16 1:15,16-Mar,1:15,0,1,0,Unknown,1.53/15/16 22:00,15-Mar,22:00,1,0,0,Unknown,223/15/16 20:00,15-Mar,20:00,1,0,0,Unknown,203/15/16 18:00,15-Mar,18:00,1,0,1,Unknown,183/15/16 15:15,15-Mar,15:15,1,1,0,Unknown,15.53/15/16 12:00,15-Mar,12:00,0,1,1,Unknown,123/14/16 23:30,14-Mar,23:30,1,0,0,Unknown,23.53/14/16 18:30,14-Mar,18:30,1,0,1,Unknown,18.53/14/16 11:00,14-Mar,11:00,1,0,1,Unknown,113/14/16 1:30,14-Mar,1:30,1,0,0,Unknown,1.53/13/16 23:00,13-Mar,23:00,1,0,0,Unknown,233/13/16 21:00,13-Mar,21:00,1,0,0,Unknown,213/13/16 19:00,13-Mar,19:00,0,1,0,Unknown,193/13/16 17:15,13-Mar,17:15,1,0,1,Unknown,17.53/13/16 14:00,13-Mar,14:00,1,1,0,Unknown,143/13/16 12:00,13-Mar,12:00,1,0,1,Unknown,123/13/16 0:00,13-Mar,0:00,1,0,0,Unknown, -   3/12/16 21:00,12-Mar,21:00,1,0,0,Unknown,213/12/16 17:45,12-Mar,17:45,0,1,1,Unknown,183/12/16 15:30,12-Mar,15:30,1,0,0,Unknown,15.53/12/16 12:00,12-Mar,12:00,1,0,1,Unknown,123/12/16 0:30,12-Mar,0:30,0,1,0,Unknown,0.53/11/16 22:30,11-Mar,22:30,1,0,0,Unknown,22.53/11/16 17:30,11-Mar,17:30,0,0,1,Unknown,17.53/11/16 12:00,11-Mar,12:00,0,1,0,Unknown,123/11/16 10:00,11-Mar,10:00,1,0,1,Unknown,103/11/16 1:00,11-Mar,1:00,1,0,0,Unknown,13/10/16 18:45,10-Mar,18:45,1,0,0,Unknown,193/10/16 17:00,10-Mar,17:00,0,0,1,Unknown,173/10/16 15:30,10-Mar,15:30,1,0,0,Unknown,15.53/10/16 13:30,10-Mar,13:30,0,1,0,Unknown,13.53/10/16 10:00,10-Mar,10:00,1,0,1,Unknown,103/9/16 23:30,9-Mar,23:30,1,0,0,Unknown,23.53/9/16 20:30,9-Mar,20:30,1,0,0,Unknown,20.53/9/16 20:10,9-Mar,20:10,1,0,0,Unknown,203/9/16 18:30,9-Mar,18:30,1,0,0,Unknown,18.53/9/16 16:45,9-Mar,16:45,0,1,1,Unknown,173/9/16 14:30,9-Mar,14:30,1,0,0,Unknown,14.53/9/16 11:00,9-Mar,11:00,1,0,1,Unknown,113/8/16 22:30,8-Mar,22:30,1,0,0,Unknown,22.53/8/16 20:00,8-Mar,20:00,1,0,0,Unknown,203/8/16 18:30,8-Mar,18:30,0,0,1,Unknown,18.53/8/16 17:15,8-Mar,17:15,1,1,0,Unknown,17.53/8/16 16:00,8-Mar,16:00,1,0,0,Unknown,163/8/16 10:00,8-Mar,10:00,1,0,1,Unknown,103/8/16 0:30,8-Mar,0:30,0,1,0,Unknown,0.53/7/16 20:15,7-Mar,20:15,1,0,0,Unknown,20.53/7/16 19:45,7-Mar,19:45,1,0,0,Unknown,203/7/16 18:00,7-Mar,18:00,0,0,1,Unknown,183/7/16 15:30,7-Mar,15:30,1,0,0,Unknown,15.53/7/16 10:00,7-Mar,10:00,1,0,1,Unknown,103/6/16 22:30,6-Mar,22:30,1,0,0,Unknown,22.53/6/16 18:30,6-Mar,18:30,1,0,0,Unknown,18.53/6/16 11:30,6-Mar,11:30,0,1,1,Unknown,11.53/6/16 10:00,6-Mar,10:00,1,1,1,Unknown,103/6/16 0:00,6-Mar,0:00,1,0,0,Unknown, -   3/5/16 21:00,5-Mar,21:00,1,1,0,Unknown,213/5/16 12:45,5-Mar,12:45,1,0,0,Unknown,133/5/16 9:00,5-Mar,9:00,1,0,1,Unknown,93/5/16 6:40,5-Mar,6:40,1,1,1,Unknown,6.53/5/16 0:00,5-Mar,0:00,1,0,0,Unknown, -   3/4/16 21:30,4-Mar,21:30,0,1,1,Unknown,21.53/4/16 18:45,4-Mar,18:45,1,0,0,Unknown,193/4/16 15:40,4-Mar,15:40,1,0,0,Unknown,15.53/4/16 13:30,4-Mar,13:30,1,0,0,Unknown,13.53/4/16 9:40,4-Mar,9:40,0,1,0,Unknown,9.53/4/16 8:00,4-Mar,8:00,1,0,1,Unknown,83/4/16 0:00,4-Mar,0:00,0,0,0,Unknown, -   3/3/16 21:15,3-Mar,21:15,1,0,0,Unknown,21.53/3/16 18:00,3-Mar,18:00,1,1,0,Unknown,183/3/16 17:20,3-Mar,17:20,0,0,1,Unknown,17.53/3/16 15:00,3-Mar,15:00,1,0,0,Unknown,153/3/16 12:30,3-Mar,12:30,0,1,0,Unknown,12.53/3/16 11:00,3-Mar,11:00,1,0,1,Unknown,113/3/16 0:00,3-Mar,0:00,1,0,0,Unknown, -   3/2/16 21:15,2-Mar,21:15,1,0,0,Unknown,21.53/2/16 18:05,2-Mar,18:05,0,1,0,Unknown,183/2/16 17:15,2-Mar,17:15,1,0,1,Unknown,17.53/2/16 15:00,2-Mar,15:00,1,0,0,Unknown,153/2/16 10:00,2-Mar,10:00,1,0,1,Unknown,103/2/16 1:10,2-Mar,1:10,1,0,0,Unknown,13/1/16 23:10,1-Mar,23:10,1,0,0,Unknown,233/1/16 21:15,1-Mar,21:15,1,0,0,Unknown,21.53/1/16 20:40,1-Mar,20:40,0,1,0,Unknown,20.53/1/16 17:15,1-Mar,17:15,1,0,1,Unknown,17.53/1/16 14:15,1-Mar,14:15,1,0,0,Unknown,14.53/1/16 12:00,1-Mar,12:00,0,1,0,Unknown,123/1/16 10:00,1-Mar,10:00,1,0,1,Unknown,103/1/16 0:30,1-Mar,0:30,1,0,0,Unknown,0.52/28/16 21:30,28-Feb,21:30,1,0,0,Unknown,21.52/28/16 18:45,28-Feb,18:45,0,1,0,Unknown,192/28/16 17:00,28-Feb,17:00,1,0,1,Unknown,172/28/16 14:00,28-Feb,14:00,0,1,0,Unknown,142/28/16 11:00,28-Feb,11:00,1,0,1,Unknown,112/27/16 23:25,27-Feb,23:25,1,0,0,Unknown,23.52/27/16 20:00,27-Feb,20:00,1,0,0,Unknown,202/27/16 17:50,27-Feb,17:50,1,0,0,Unknown,182/27/16 17:30,27-Feb,17:30,0,0,1,Unknown,17.52/27/16 15:00,27-Feb,15:00,0,1,0,Unknown,152/27/16 11:00,27-Feb,11:00,1,0,1,Unknown,112/26/16 22:45,26-Feb,22:45,1,0,0,Unknown,232/26/16 21:10,26-Feb,21:10,1,0,0,Unknown,212/26/16 20:00,26-Feb,20:00,1,1,0,Unknown,202/26/16 16:30,26-Feb,16:30,1,0,1,Unknown,16.52/26/16 12:30,26-Feb,12:30,0,1,0,Unknown,12.52/26/16 11:00,26-Feb,11:00,1,0,1,Unknown,112/25/16 20:30,25-Feb,20:30,1,0,0,Unknown,20.52/25/16 17:30,25-Feb,17:30,1,0,0,Unknown,17.52/25/16 17:15,25-Feb,17:15,0,0,1,Unknown,17.52/25/16 16:20,25-Feb,16:20,1,0,0,Unknown,16.52/25/16 11:30,25-Feb,11:30,1,0,1,Unknown,11.52/25/16 1:00,25-Feb,1:00,0,1,0,Unknown,12/24/16 23:00,24-Feb,23:00,1,0,0,Unknown,232/24/16 18:30,24-Feb,18:30,1,0,0,Unknown,18.52/24/16 17:00,24-Feb,17:00,0,0,1,Unknown,172/24/16 10:20,24-Feb,10:20,0,1,0,Unknown,10.52/24/16 10:00,24-Feb,10:00,1,0,1,Unknown,102/23/16 23:00,23-Feb,23:00,1,0,0,Unknown,232/23/16 20:00,23-Feb,20:00,1,0,0,Unknown,202/23/16 19:00,23-Feb,19:00,1,0,0,Unknown,192/23/16 17:00,23-Feb,17:00,1,0,1,Unknown,172/23/16 12:00,23-Feb,12:00,1,0,0,Unknown,122/23/16 11:00,23-Feb,11:00,0,1,0,Unknown,112/23/16 10:00,23-Feb,10:00,1,0,1,Unknown,102/22/16 22:45,22-Feb,22:45,1,0,0,Unknown,232/22/16 20:00,22-Feb,20:00,0,1,0,Unknown,202/22/16 17:45,22-Feb,17:45,1,0,0,Unknown,182/22/16 17:30,22-Feb,17:30,0,0,1,Unknown,17.52/22/16 11:00,22-Feb,11:00,1,0,1,Unknown,112/22/16 1:00,22-Feb,1:00,0,1,0,Unknown,12/21/16 21:00,21-Feb,21:00,1,0,0,Unknown,212/21/16 19:30,21-Feb,19:30,0,1,0,Unknown,19.52/21/16 17:20,21-Feb,17:20,0,0,1,Unknown,17.52/21/16 15:00,21-Feb,15:00,1,0,0,Unknown,152/21/16 12:45,21-Feb,12:45,0,1,0,Unknown,132/21/16 11:00,21-Feb,11:00,1,0,1,Unknown,112/20/16 20:00,20-Feb,20:00,1,0,0,Unknown,202/20/16 18:50,20-Feb,18:50,1,0,0,Unknown,192/20/16 17:00,20-Feb,17:00,0,0,1,Unknown,172/20/16 16:00,20-Feb,16:00,1,0,0,Unknown,162/20/16 12:00,20-Feb,12:00,0,1,0,Unknown,122/20/16 11:00,20-Feb,11:00,1,0,1,Unknown,112/19/16 19:30,19-Feb,19:30,1,0,0,Unknown,19.52/19/16 17:00,19-Feb,17:00,0,0,1,Unknown,172/19/16 16:20,19-Feb,16:20,0,1,0,Unknown,16.52/19/16 14:00,19-Feb,14:00,1,0,0,Unknown,142/19/16 7:45,19-Feb,7:45,1,0,1,Unknown,82/18/16 23:45,18-Feb,23:45,1,0,0,Unknown,242/18/16 20:20,18-Feb,20:20,0,1,0,Unknown,20.52/18/16 17:30,18-Feb,17:30,0,0,1,Unknown,17.52/18/16 14:15,18-Feb,14:15,1,0,0,Unknown,14.52/18/16 12:00,18-Feb,12:00,0,1,0,Unknown,122/18/16 11:00,18-Feb,11:00,1,0,1,Unknown,112/17/16 23:30,17-Feb,23:30,1,0,0,Unknown,23.52/17/16 17:05,17-Feb,17:05,0,0,1,Unknown,172/17/16 15:15,17-Feb,15:15,0,1,0,Unknown,15.52/17/16 13:30,17-Feb,13:30,1,0,0,Unknown,13.52/17/16 10:00,17-Feb,10:00,1,0,1,Unknown,102/17/16 0:30,17-Feb,0:30,1,0,0,Unknown,0.52/17/16 0:00,17-Feb,0:00,1,0,0,Unknown, -   2/16/16 20:30,16-Feb,20:30,1,0,0,Unknown,20.52/16/16 18:30,16-Feb,18:30,0,1,0,Unknown,18.52/16/16 17:05,16-Feb,17:05,0,0,1,Unknown,172/16/16 14:15,16-Feb,14:15,0,1,0,Unknown,14.52/16/16 11:00,16-Feb,11:00,1,0,1,Unknown,112/15/16 20:15,15-Feb,20:15,1,0,0,Unknown,20.52/15/16 18:00,15-Feb,18:00,1,0,0,Unknown,182/15/16 17:00,15-Feb,17:00,0,0,1,Unknown,172/15/16 11:00,15-Feb,11:00,0,1,0,Unknown,112/15/16 7:45,15-Feb,7:45,1,0,1,Unknown,82/14/16 20:30,14-Feb,20:30,1,1,0,Unknown,20.52/14/16 18:00,14-Feb,18:00,0,0,1,Unknown,182/14/16 16:05,14-Feb,16:05,1,0,0,Unknown,162/14/16 8:25,14-Feb,8:25,0,1,0,Unknown,8.52/14/16 8:15,14-Feb,8:15,1,0,1,Unknown,8.52/13/16 22:15,13-Feb,22:15,1,0,0,Unknown,22.52/13/16 16:45,13-Feb,16:45,0,0,1,Unknown,172/13/16 16:40,13-Feb,16:40,1,0,0,Unknown,16.52/13/16 13:00,13-Feb,13:00,0,1,0,Unknown,132/13/16 8:45,13-Feb,8:45,1,0,1,Unknown,92/12/16 23:30,12-Feb,23:30,1,0,0,Unknown,23.52/12/16 21:15,12-Feb,21:15,1,1,0,Unknown,21.52/12/16 17:20,12-Feb,17:20,0,0,1,Unknown,17.52/12/16 16:00,12-Feb,16:00,1,0,0,Unknown,162/12/16 7:45,12-Feb,7:45,1,1,1,Unknown,82/11/16 23:00,11-Feb,23:00,1,0,0,Unknown,232/11/16 17:00,11-Feb,17:00,0,0,1,Unknown,172/11/16 16:00,11-Feb,16:00,1,0,0,Unknown,162/11/16 12:00,11-Feb,12:00,1,1,0,Unknown,122/11/16 7:30,11-Feb,7:30,1,0,1,Unknown,7.52/10/16 17:10,10-Feb,17:10,1,1,0,Unknown,172/10/16 17:00,10-Feb,17:00,0,0,1,Unknown,172/10/16 15:45,10-Feb,15:45,1,0,0,Unknown,162/10/16 8:30,10-Feb,8:30,1,0,1,Unknown,8.52/9/16 23:20,9-Feb,23:20,1,1,0,Unknown,23.52/9/16 18:00,9-Feb,18:00,1,0,0,Unknown,182/9/16 17:30,9-Feb,17:30,0,0,1,Unknown,17.52/9/16 16:15,9-Feb,16:15,0,1,0,Unknown,16.52/9/16 13:45,9-Feb,13:45,1,0,0,Unknown,142/9/16 8:45,9-Feb,8:45,1,0,1,Unknown,92/9/16 0:00,8-Feb,0:00,1,0,0,Unknown,242/8/16 17:15,8-Feb,17:15,1,0,1,Unknown,17.52/8/16 9:45,8-Feb,9:45,1,0,1,Unknown,101/30/16 22:30,30-Jan,22:30,1,0,0,Unknown,22.51/30/16 18:30,30-Jan,18:30,1,0,0,Unknown,18.51/30/16 17:00,30-Jan,17:00,0,0,1,Unknown,171/30/16 10:30,30-Jan,10:30,0,1,0,Unknown,10.51/30/16 8:15,30-Jan,8:15,1,0,1,Unknown,8.51/29/16 22:35,29-Jan,22:35,0,1,0,Unknown,22.51/29/16 17:00,29-Jan,17:00,0,0,1,Unknown,171/29/16 15:45,29-Jan,15:45,1,0,0,Unknown,161/29/16 8:45,29-Jan,8:45,1,1,1,Unknown,91/28/16 22:30,28-Jan,22:30,1,0,0,Unknown,22.51/28/16 17:00,28-Jan,17:00,0,0,1,Unknown,171/28/16 14:45,28-Jan,14:45,1,1,0,Unknown,151/28/16 12:40,28-Jan,12:40,1,0,0,Unknown,12.51/28/16 8:30,28-Jan,8:30,1,1,1,Unknown,8.51/27/16 19:50,27-Jan,19:50,1,0,0,Unknown,201/27/16 17:20,27-Jan,17:20,1,0,0,Unknown,17.51/27/16 17:10,27-Jan,17:10,0,0,1,Unknown,171/27/16 13:00,27-Jan,13:00,1,1,0,Unknown,131/27/16 8:30,27-Jan,8:30,1,1,1,Unknown,8.51/26/16 21:40,26-Jan,21:40,1,0,0,Unknown,21.51/26/16 18:30,26-Jan,18:30,1,0,0,Unknown,18.51/26/16 17:00,26-Jan,17:00,0,0,1,Unknown,171/26/16 8:00,26-Jan,8:00,1,0,1,Unknown,81/25/16 22:20,25-Jan,22:20,1,0,0,Unknown,22.51/25/16 18:30,25-Jan,18:30,1,0,0,Unknown,18.51/25/16 17:30,25-Jan,17:30,0,0,1,Unknown,17.51/25/16 12:00,25-Jan,12:00,1,1,0,Unknown,121/25/16 9:00,25-Jan,9:00,1,1,1,Unknown,91/24/16 22:00,24-Jan,22:00,1,0,0,Unknown,221/24/16 18:30,24-Jan,18:30,1,0,0,Unknown,18.51/24/16 17:30,24-Jan,17:30,1,1,0,Unknown,17.51/24/16 17:00,24-Jan,17:00,0,0,1,Unknown,171/24/16 14:30,24-Jan,14:30,1,0,0,Unknown,14.51/24/16 9:00,24-Jan,9:00,1,1,1,Unknown,91/23/16 22:30,23-Jan,22:30,1,0,0,Unknown,22.51/23/16 19:15,23-Jan,19:15,1,0,0,Unknown,19.51/23/16 17:40,23-Jan,17:40,0,0,1,Unknown,17.51/23/16 16:30,23-Jan,16:30,1,0,0,Unknown,16.51/23/16 14:15,23-Jan,14:15,1,0,0,Unknown,14.51/23/16 13:15,23-Jan,13:15,1,0,0,Unknown,13.51/23/16 11:00,23-Jan,11:00,1,0,0,Unknown,111/23/16 9:30,23-Jan,9:30,0,1,0,Unknown,9.51/23/16 7:00,23-Jan,7:00,1,0,1,Unknown,71/22/16 17:30,22-Jan,17:30,1,0,0,Unknown,17.51/22/16 17:10,22-Jan,17:10,0,0,1,Unknown,171/22/16 13:00,22-Jan,13:00,1,0,0,Unknown,131/22/16 12:00,22-Jan,12:00,0,1,0,Unknown,121/22/16 10:00,22-Jan,10:00,1,1,0,Unknown,101/22/16 8:00,22-Jan,8:00,1,0,1,Unknown,81/21/16 20:30,21-Jan,20:30,1,0,0,Unknown,20.51/21/16 19:30,21-Jan,19:30,1,0,0,Unknown,19.51/21/16 17:00,21-Jan,17:00,0,0,1,Unknown,171/21/16 16:50,21-Jan,16:50,1,0,0,Unknown,171/21/16 12:00,21-Jan,12:00,1,0,0,Unknown,121/21/16 11:00,21-Jan,11:00,1,1,0,Unknown,111/21/16 8:00,21-Jan,8:00,1,0,1,Unknown,81/20/16 23:00,20-Jan,23:00,1,1,0,Unknown,231/20/16 19:20,20-Jan,19:20,1,0,0,Unknown,19.51/20/16 17:10,20-Jan,17:10,0,0,1,Unknown,171/20/16 14:30,20-Jan,14:30,1,1,0,Unknown,14.51/20/16 12:00,20-Jan,12:00,1,0,0,Unknown,121/20/16 11:30,20-Jan,11:30,0,1,0,Unknown,11.51/20/16 11:10,20-Jan,11:10,1,0,0,Unknown,111/20/16 8:00,20-Jan,8:00,1,1,1,Unknown,81/19/16 23:00,19-Jan,23:00,1,0,0,Unknown,231/19/16 19:55,19-Jan,19:55,1,1,0,Unknown,201/19/16 17:00,19-Jan,17:00,0,0,1,Unknown,171/19/16 15:30,19-Jan,15:30,1,0,0,Unknown,15.51/19/16 10:30,19-Jan,10:30,1,0,0,Unknown,10.51/19/16 9:00,19-Jan,9:00,1,1,1,Unknown,91/18/16 23:05,18-Jan,23:05,1,0,0,Unknown,231/18/16 20:00,18-Jan,20:00,1,1,0,Unknown,201/18/16 17:40,18-Jan,17:40,1,0,0,Unknown,17.51/18/16 17:00,18-Jan,17:00,0,0,1,Unknown,171/18/16 16:00,18-Jan,16:00,1,0,0,Unknown,161/18/16 13:15,18-Jan,13:15,1,0,0,Unknown,13.51/18/16 9:30,18-Jan,9:30,1,1,1,Unknown,9.51/18/16 0:00,17-Jan,0:00,1,0,0,Unknown,241/17/16 21:30,17-Jan,21:30,1,0,0,Unknown,21.51/17/16 18:30,17-Jan,18:30,0,1,0,Unknown,18.51/17/16 17:45,17-Jan,17:45,0,0,1,Unknown,181/17/16 15:00,17-Jan,15:00,1,1,0,Unknown,151/17/16 12:00,17-Jan,12:00,1,0,1,Unknown,121/17/16 0:30,16-Jan,0:30,1,0,0,Unknown,24.51/16/16 19:45,16-Jan,19:45,0,1,0,Unknown,201/16/16 17:45,16-Jan,17:45,1,0,1,Unknown,181/16/16 11:00,16-Jan,11:00,1,0,1,Unknown,111/16/16 0:20,15-Jan,0:20,0,1,0,Unknown,24.51/15/16 21:20,15-Jan,21:20,1,0,0,Unknown,21.51/15/16 17:45,15-Jan,17:45,0,0,1,Unknown,181/15/16 12:30,15-Jan,12:30,1,1,0,Unknown,12.51/15/16 9:00,15-Jan,9:00,1,0,1,Unknown,91/14/16 23:00,14-Jan,23:00,1,1,0,Unknown,231/14/16 17:10,14-Jan,17:10,0,0,1,Unknown,171/14/16 15:30,14-Jan,15:30,1,0,0,Unknown,15.51/14/16 13:15,14-Jan,13:15,1,0,0,Unknown,13.51/14/16 9:30,14-Jan,9:30,1,1,1,Unknown,9.51/13/16 23:00,13-Jan,23:00,1,0,0,Unknown,231/13/16 17:15,13-Jan,17:15,0,0,1,Unknown,17.51/13/16 15:30,13-Jan,15:30,1,0,0,Unknown,15.51/13/16 9:45,13-Jan,9:45,1,0,0,Unknown,101/13/16 8:30,13-Jan,8:30,1,1,1,Unknown,8.51/12/16 23:00,12-Jan,23:00,1,0,0,Unknown,231/12/16 19:05,12-Jan,19:05,1,0,0,Unknown,191/12/16 17:00,12-Jan,17:00,0,0,1,Unknown,171/12/16 16:15,12-Jan,16:15,1,0,0,Unknown,16.51/12/16 13:00,12-Jan,13:00,1,1,0,Unknown,131/12/16 9:15,12-Jan,9:15,1,1,1,Unknown,9.51/11/16 23:00,11-Jan,23:00,1,0,0,Unknown,231/11/16 19:30,11-Jan,19:30,1,0,0,Unknown,19.51/11/16 17:00,11-Jan,17:00,0,0,1,Unknown,171/11/16 14:00,11-Jan,14:00,1,0,0,Unknown,141/11/16 12:00,11-Jan,12:00,0,1,0,Unknown,121/11/16 9:00,11-Jan,9:00,1,0,1,Unknown,91/10/16 22:00,10-Jan,22:00,1,0,0,Unknown,221/10/16 19:30,10-Jan,19:30,0,1,0,Unknown,19.51/10/16 17:30,10-Jan,17:30,1,0,1,Unknown,17.51/10/16 10:00,10-Jan,10:00,1,0,1,Unknown,101/9/16 21:45,9-Jan,21:45,1,0,0,Unknown,221/9/16 19:30,9-Jan,19:30,1,0,0,Unknown,19.51/9/16 17:15,9-Jan,17:15,0,0,1,Unknown,17.51/9/16 16:15,9-Jan,16:15,1,1,0,Unknown,16.51/9/16 9:15,9-Jan,9:15,1,1,1,Unknown,9.51/9/16 0:00,8-Jan,0:00,1,0,0,Unknown,241/8/16 19:30,8-Jan,19:30,1,0,0,Unknown,19.51/8/16 18:00,8-Jan,18:00,1,0,0,Unknown,181/8/16 17:00,8-Jan,17:00,0,0,1,Unknown,171/8/16 16:00,8-Jan,16:00,1,0,0,Unknown,161/8/16 8:00,8-Jan,8:00,1,1,1,Unknown,81/7/16 21:45,7-Jan,21:45,1,0,0,Unknown,221/7/16 17:15,7-Jan,17:15,0,0,1,Unknown,17.51/7/16 15:30,7-Jan,15:30,1,1,0,Unknown,15.51/7/16 8:45,7-Jan,8:45,1,1,1,Unknown,91/6/16 23:00,6-Jan,23:00,1,0,0,Unknown,231/6/16 18:00,6-Jan,18:00,1,0,0,Unknown,181/6/16 17:00,6-Jan,17:00,1,0,0,Unknown,171/6/16 16:30,6-Jan,16:30,1,1,0,Unknown,16.51/6/16 9:15,6-Jan,9:15,1,1,1,Unknown,9.51/5/16 20:00,5-Jan,20:00,1,0,0,Unknown,201/5/16 18:00,5-Jan,18:00,1,0,0,Unknown,181/5/16 17:15,5-Jan,17:15,0,0,1,Unknown,17.51/5/16 15:45,5-Jan,15:45,1,1,0,Unknown,161/5/16 9:00,5-Jan,9:00,1,0,1,Unknown,91/5/16 0:00,4-Jan,0:00,0,1,0,Unknown,241/4/16 20:00,4-Jan,20:00,1,0,0,Unknown,201/4/16 18:10,4-Jan,18:10,0,0,1,Unknown,181/4/16 15:00,4-Jan,15:00,1,0,0,Unknown,151/4/16 14:00,4-Jan,14:00,0,1,0,Unknown,141/4/16 12:45,4-Jan,12:45,1,0,0,Unknown,131/4/16 11:00,4-Jan,11:00,1,0,1,Unknown,111/3/16 22:00,3-Jan,22:00,1,0,0,Unknown,221/3/16 18:00,3-Jan,18:00,0,1,1,Unknown,181/3/16 16:00,3-Jan,16:00,1,0,0,Unknown,161/3/16 9:00,3-Jan,9:00,1,0,1,Unknown,912/23/15 23:00,23-Dec,23:00,1,0,0,Unknown,2312/23/15 18:30,23-Dec,18:30,1,0,1,Unknown,18.512/23/15 8:00,23-Dec,8:00,1,1,1,Unknown,812/22/15 22:00,22-Dec,22:00,1,0,0,Unknown,2212/22/15 17:30,22-Dec,17:30,0,0,1,Unknown,17.512/22/15 16:00,22-Dec,16:00,1,0,0,Unknown,1612/22/15 8:30,22-Dec,8:30,1,1,1,Unknown,8.512/22/15 1:00,22-Dec,1:00,1,0,0,Unknown,112/21/15 17:10,21-Dec,17:10,0,0,1,Unknown,1712/21/15 15:00,21-Dec,15:00,1,0,0,Unknown,1512/21/15 13:20,21-Dec,13:20,1,1,0,Unknown,13.512/21/15 8:00,21-Dec,8:00,1,0,1,Unknown,812/20/15 22:00,20-Dec,22:00,1,0,0,Unknown,2212/20/15 17:15,20-Dec,17:15,0,0,1,Unknown,17.512/20/15 16:00,20-Dec,16:00,1,0,0,Unknown,1612/20/15 8:30,20-Dec,8:30,1,1,1,Unknown,8.512/19/15 23:45,19-Dec,23:45,1,0,0,Unknown,2412/19/15 21:30,19-Dec,21:30,`,0,0,Unknown,21.512/19/15 19:35,19-Dec,19:35,0,1,0,Unknown,19.512/19/15 17:00,19-Dec,17:00,1,0,1,Unknown,1712/19/15 12:15,19-Dec,12:15,1,0,0,Unknown,12.512/19/15 7:30,19-Dec,7:30,1,1,1,Unknown,7.512/18/15 18:30,18-Dec,18:30,1,1,0,Unknown,18.512/18/15 17:00,18-Dec,17:00,1,0,1,Unknown,1712/18/15 8:00,18-Dec,8:00,1,1,1,Unknown,812/17/15 23:00,17-Dec,23:00,1,1,0,Unknown,2312/17/15 18:00,17-Dec,18:00,0,0,1,Unknown,1812/17/15 8:30,17-Dec,8:30,1,0,1,Unknown,8.512/17/15 1:25,17-Dec,1:25,1,0,0,Unknown,1.512/17/15 1:20,17-Dec,1:20,0,1,0,Unknown,1.512/16/15 19:15,16-Dec,19:15,1,0,0,Unknown,19.512/16/15 18:00,16-Dec,18:00,0,0,1,Unknown,1812/16/15 14:00,16-Dec,14:00,1,1,0,Unknown,1412/16/15 8:00,16-Dec,8:00,1,1,1,Unknown,812/15/15 23:30,15-Dec,23:30,1,0,0,Unknown,23.512/15/15 19:30,15-Dec,19:30,1,0,0,Unknown,19.512/15/15 18:00,15-Dec,18:00,0,0,1,Unknown,1812/15/15 17:30,15-Dec,17:30,1,1,0,Unknown,17.512/15/15 15:30,15-Dec,15:30,1,0,0,Unknown,15.512/15/15 9:00,15-Dec,9:00,1,0,1,Unknown,912/14/15 22:30,14-Dec,22:30,1,0,0,Unknown,22.512/14/15 20:00,14-Dec,20:00,1,0,0,Unknown,2012/14/15 17:30,14-Dec,17:30,0,0,1,Unknown,17.512/14/15 11:00,14-Dec,11:00,0,1,0,Unknown,1112/14/15 9:00,14-Dec,9:00,1,0,1,Unknown,912/13/15 23:35,13-Dec,23:35,1,0,0,Unknown,23.512/13/15 19:35,13-Dec,19:35,1,0,0,Unknown,19.512/13/15 17:35,13-Dec,17:35,0,0,1,Unknown,17.512/13/15 17:00,13-Dec,17:00,1,0,0,Unknown,1712/13/15 15:20,13-Dec,15:20,0,1,0,Unknown,15.512/13/15 7:30,13-Dec,7:30,1,0,1,Unknown,7.512/12/15 23:00,12-Dec,23:00,1,0,0,Unknown,2312/12/15 18:00,12-Dec,18:00,1,0,0,Unknown,1812/12/15 17:00,12-Dec,17:00,0,0,1,Unknown,1712/12/15 16:30,12-Dec,16:30,1,1,0,Unknown,16.512/12/15 16:00,12-Dec,16:00,1,0,0,Unknown,1612/12/15 14:30,12-Dec,14:30,0,1,0,Unknown,14.512/12/15 7:00,12-Dec,7:00,1,0,1,Unknown,712/11/15 22:30,11-Dec,22:30,1,0,0,Unknown,22.512/11/15 19:30,11-Dec,19:30,1,0,0,Unknown,19.512/11/15 17:45,11-Dec,17:45,0,0,1,Unknown,1812/11/15 15:00,11-Dec,15:00,1,0,0,Unknown,1512/11/15 8:00,11-Dec,8:00,1,0,1,Unknown,812/10/15 19:30,10-Dec,19:30,1,0,0,Unknown,19.512/10/15 17:15,10-Dec,17:15,0,0,1,Unknown,17.512/10/15 15:00,10-Dec,15:00,1,0,0,Unknown,1512/10/15 11:45,10-Dec,11:45,1,0,0,Unknown,1212/10/15 11:00,10-Dec,11:00,0,1,0,Unknown,1112/10/15 7:30,10-Dec,7:30,1,1,1,Unknown,7.512/9/15 23:00,9-Dec,23:00,1,0,0,Unknown,2312/9/15 17:15,9-Dec,17:15,0,0,1,Unknown,17.512/9/15 16:00,9-Dec,16:00,1,0,0,Unknown,1612/9/15 8:00,9-Dec,8:00,1,1,1,Unknown,812/8/15 20:00,8-Dec,20:00,1,0,0,Unknown,2012/8/15 17:35,8-Dec,17:35,0,1,0,Unknown,17.512/8/15 17:30,8-Dec,17:30,0,0,1,Unknown,17.512/8/15 16:00,8-Dec,16:00,1,0,0,Unknown,1612/8/15 8:30,8-Dec,8:30,1,1,1,Unknown,8.512/7/15 17:10,7-Dec,17:10,0,0,1,Unknown,1712/7/15 16:45,7-Dec,16:45,1,0,0,Unknown,1712/7/15 14:00,7-Dec,14:00,1,1,0,Unknown,1412/7/15 7:00,7-Dec,7:00,1,1,1,Unknown,712/7/15 0:25,7-Dec,0:25,1,0,0,Unknown,0.512/6/15 19:30,6-Dec,19:30,1,0,0,Unknown,19.512/6/15 17:30,6-Dec,17:30,0,0,1,Unknown,17.512/6/15 14:45,6-Dec,14:45,1,0,0,Unknown,1512/6/15 10:20,6-Dec,10:20,0,1,0,Unknown,10.512/6/15 7:00,6-Dec,7:00,1,0,1,Unknown,712/6/15 0:00,6-Dec,0:00,1,0,0,Unknown, -   12/5/15 20:30,5-Dec,20:30,1,1,0,Unknown,20.512/5/15 18:10,5-Dec,18:10,0,0,1,Unknown,1812/5/15 14:30,5-Dec,14:30,1,1,0,Unknown,14.512/5/15 8:00,5-Dec,8:00,0,0,1,Unknown,812/5/15 6:00,5-Dec,6:00,1,1,0,Unknown,612/4/15 20:30,4-Dec,20:30,1,0,0,Unknown,20.512/4/15 17:45,4-Dec,17:45,0,0,1,Unknown,1812/4/15 17:30,4-Dec,17:30,1,0,0,Unknown,17.512/4/15 13:30,4-Dec,13:30,1,0,0,Unknown,13.512/4/15 12:00,4-Dec,12:00,0,1,0,Unknown,1212/4/15 7:45,4-Dec,7:45,1,0,1,Unknown,812/3/15 20:00,3-Dec,20:00,1,0,0,Unknown,2012/3/15 18:30,3-Dec,18:30,0,1,0,Unknown,18.512/3/15 17:15,3-Dec,17:15,0,0,1,Unknown,17.512/3/15 12:30,3-Dec,12:30,0,1,0,Unknown,12.512/3/15 8:00,3-Dec,8:00,1,1,1,Unknown,812/3/15 4:00,3-Dec,4:00,1,0,0,Unknown,412/2/15 22:30,2-Dec,22:30,1,0,0,Unknown,22.512/2/15 17:00,2-Dec,17:00,0,0,1,Unknown,1712/2/15 16:30,2-Dec,16:30,1,0,0,Unknown,16.512/2/15 8:00,2-Dec,8:00,1,1,1,Unknown,812/1/15 23:00,1-Dec,23:00,1,0,0,Unknown,2312/1/15 17:15,1-Dec,17:15,0,0,1,Unknown,17.512/1/15 17:00,1-Dec,17:00,1,0,0,Unknown,1712/1/15 16:15,1-Dec,16:15,0,1,0,Unknown,16.512/1/15 12:00,1-Dec,12:00,1,0,0,Unknown,1212/1/15 7:00,1-Dec,7:00,1,1,1,Unknown,711/30/15 20:30,30-Nov,20:30,1,0,0,Unknown,20.511/30/15 17:00,30-Nov,17:00,0,0,1,Unknown,1711/30/15 16:30,30-Nov,16:30,1,1,0,Unknown,16.511/30/15 14:15,30-Nov,14:15,0,1,0,Unknown,14.511/30/15 7:00,30-Nov,7:00,1,1,1,Unknown,711/29/15 20:00,29-Nov,20:00,1,0,0,Unknown,2011/29/15 17:25,29-Nov,17:25,0,0,1,Unknown,17.511/29/15 13:40,29-Nov,13:40,1,0,0,Unknown,13.511/29/15 8:00,29-Nov,8:00,1,1,1,Unknown,811/28/15 20:00,28-Nov,20:00,1,0,0,Unknown,2011/28/15 18:00,28-Nov,18:00,0,0,1,Unknown,1811/28/15 15:00,28-Nov,15:00,1,1,0,Unknown,1511/28/15 7:00,28-Nov,7:00,1,0,1,Unknown,711/27/15 20:20,27-Nov,20:20,1,0,0,Unknown,20.511/27/15 17:40,27-Nov,17:40,1,0,0,Unknown,17.511/27/15 17:30,27-Nov,17:30,0,0,1,Unknown,17.511/27/15 14:30,27-Nov,14:30,1,1,0,Unknown,14.511/27/15 7:00,27-Nov,7:00,1,1,1,Unknown,711/26/15 22:00,26-Nov,22:00,1,0,0,Unknown,2211/26/15 17:15,26-Nov,17:15,0,0,1,Unknown,17.511/26/15 16:30,26-Nov,16:30,0,1,0,Unknown,16.511/26/15 8:00,26-Nov,8:00,1,0,1,Unknown,811/25/15 23:25,25-Nov,23:25,1,0,0,Unknown,23.511/25/15 17:50,25-Nov,17:50,1,0,0,Unknown,1811/25/15 17:30,25-Nov,17:30,0,0,1,Unknown,17.511/25/15 15:30,25-Nov,15:30,1,1,0,Unknown,15.511/25/15 10:30,25-Nov,10:30,1,0,0,Unknown,10.511/25/15 8:00,25-Nov,8:00,1,1,1,Unknown,811/24/15 18:35,24-Nov,18:35,1,0,0,Unknown,18.511/24/15 18:15,24-Nov,18:15,0,0,1,Unknown,18.511/24/15 15:00,24-Nov,15:00,1,1,0,Unknown,1511/24/15 12:25,24-Nov,12:25,0,1,0,Unknown,12.511/24/15 8:00,24-Nov,8:00,1,0,1,Unknown,811/23/15 22:30,23-Nov,22:30,1,0,0,Unknown,22.511/23/15 18:20,23-Nov,18:20,1,0,0,Unknown,18.511/23/15 17:15,23-Nov,17:15,1,0,1,Unknown,17.511/23/15 16:00,23-Nov,16:00,1,0,0,Unknown,1611/23/15 13:55,23-Nov,13:55,0,1,0,Unknown,1411/23/15 13:40,23-Nov,13:40,0,1,0,Unknown,13.511/23/15 13:20,23-Nov,13:20,1,0,0,Unknown,13.511/23/15 7:30,23-Nov,7:30,1,1,1,Unknown,7.511/22/15 20:30,22-Nov,20:30,1,1,0,Unknown,20.511/22/15 18:45,22-Nov,18:45,1,0,0,Unknown,1911/22/15 17:00,22-Nov,17:00,0,0,1,Unknown,1711/22/15 16:00,22-Nov,16:00,1,0,0,Unknown,1611/22/15 8:00,22-Nov,8:00,1,0,1,Unknown,811/21/15 23:00,21-Nov,23:00,1,1,0,Unknown,2311/21/15 17:30,21-Nov,17:30,1,0,1,Unknown,17.511/21/15 13:10,21-Nov,13:10,1,0,0,Unknown,1311/21/15 7:00,21-Nov,7:00,1,1,1,Unknown,711/21/15 1:00,21-Nov,1:00,1,0,0,Unknown,111/20/15 17:45,20-Nov,17:45,0,0,1,Unknown,1811/20/15 17:30,20-Nov,17:30,1,0,0,Unknown,17.511/20/15 16:30,20-Nov,16:30,0,1,0,Unknown,16.511/20/15 14:00,20-Nov,14:00,1,1,0,Unknown,1411/20/15 7:15,20-Nov,7:15,1,0,1,Unknown,7.511/19/15 23:15,19-Nov,23:15,1,0,0,Unknown,23.511/19/15 17:45,19-Nov,17:45,0,0,1,Unknown,1811/19/15 15:15,19-Nov,15:15,1,0,0,Unknown,15.511/19/15 7:00,19-Nov,7:00,1,1,1,Unknown,711/19/15 0:00,19-Nov,0:00,1,0,0,Unknown, -   11/18/15 19:20,18-Nov,19:20,1,0,0,Unknown,19.511/18/15 17:20,18-Nov,17:20,0,1,1,Unknown,17.511/18/15 14:00,18-Nov,14:00,1,0,0,Unknown,1411/18/15 7:00,18-Nov,7:00,1,1,1,Unknown,711/17/15 23:00,17-Nov,23:00,1,0,0,Unknown,2311/17/15 17:30,17-Nov,17:30,1,0,1,Unknown,17.511/17/15 15:30,17-Nov,15:30,1,1,0,Unknown,15.511/17/15 11:15,17-Nov,11:15,1,0,0,Unknown,11.511/17/15 6:45,17-Nov,6:45,1,1,1,Unknown,711/16/15 19:20,16-Nov,19:20,1,0,0,Unknown,19.511/16/15 18:00,16-Nov,18:00,0,0,1,Unknown,1811/16/15 9:15,16-Nov,9:15,0,1,0,Unknown,9.511/16/15 9:00,16-Nov,9:00,1,0,1,Unknown,911/15/15 21:00,15-Nov,21:00,1,1,0,Unknown,2111/15/15 17:45,15-Nov,17:45,1,0,1,Unknown,1811/15/15 15:00,15-Nov,15:00,0,1,0,Unknown,1511/15/15 7:50,15-Nov,7:50,1,1,1,Unknown,811/14/15 20:30,14-Nov,20:30,1,0,0,Unknown,20.511/14/15 18:30,14-Nov,18:30,1,0,0,Unknown,18.511/14/15 18:00,14-Nov,18:00,0,0,1,Unknown,1811/14/15 16:00,14-Nov,16:00,0,1,0,Unknown,1611/14/15 15:30,14-Nov,15:30,1,0,0,Unknown,15.511/14/15 14:30,14-Nov,14:30,0,1,0,Unknown,14.511/14/15 7:20,14-Nov,7:20,1,0,1,Unknown,7.511/13/15 22:10,13-Nov,22:10,0,1,0,Unknown,2211/13/15 17:30,13-Nov,17:30,1,0,1,Unknown,17.511/13/15 14:00,13-Nov,14:00,1,0,0,Unknown,1411/13/15 12:00,13-Nov,12:00,1,0,0,Unknown,1211/13/15 8:20,13-Nov,8:20,1,0,0,Unknown,8.511/13/15 7:00,13-Nov,7:00,0,1,1,Unknown,711/12/15 23:55,12-Nov,23:55,1,0,0,Unknown,2411/12/15 19:15,12-Nov,19:15,0,0,1,Unknown,19.511/12/15 18:30,12-Nov,18:30,1,0,0,Unknown,18.511/12/15 7:15,12-Nov,7:15,1,1,1,Unknown,7.511/11/15 22:00,11-Nov,22:00,1,0,0,Unknown,2211/11/15 17:10,11-Nov,17:10,0,0,1,Unknown,1711/11/15 17:00,11-Nov,17:00,0,1,0,Unknown,1711/11/15 15:00,11-Nov,15:00,1,0,0,Unknown,1511/11/15 7:15,11-Nov,7:15,1,1,1,Unknown,7.511/10/15 23:00,10-Nov,23:00,1,0,0,Unknown,2311/10/15 18:30,10-Nov,18:30,1,0,0,Unknown,18.511/10/15 17:30,10-Nov,17:30,0,0,1,Unknown,17.511/10/15 17:00,10-Nov,17:00,1,1,0,Unknown,1711/10/15 7:00,10-Nov,7:00,1,0,1,Unknown,711/9/15 21:30,9-Nov,21:30,1,1,0,Unknown,21.511/9/15 17:20,9-Nov,17:20,0,0,1,Unknown,17.511/9/15 17:00,9-Nov,17:00,1,0,0,Unknown,1711/9/15 15:20,9-Nov,15:20,0,1,0,Unknown,15.511/9/15 7:00,9-Nov,7:00,1,1,1,Unknown,711/8/15 23:00,8-Nov,23:00,1,0,0,Unknown,2311/8/15 21:00,8-Nov,21:00,1,0,0,Unknown,2111/8/15 18:00,8-Nov,18:00,0,0,1,Unknown,1811/8/15 16:15,8-Nov,16:15,0,1,0,Unknown,16.511/8/15 14:45,8-Nov,14:45,1,0,0,Unknown,1511/8/15 7:00,8-Nov,7:00,1,1,1,Unknown,711/7/15 22:30,7-Nov,22:30,1,0,0,Unknown,22.511/7/15 20:00,7-Nov,20:00,1,1,0,Unknown,2011/7/15 17:35,7-Nov,17:35,1,0,1,Unknown,17.511/7/15 14:35,7-Nov,14:35,1,0,0,Unknown,14.511/7/15 7:15,7-Nov,7:15,1,0,1,Unknown,7.511/6/15 22:45,6-Nov,22:45,1,0,0,Unknown,2311/6/15 20:00,6-Nov,20:00,1,0,0,Unknown,2011/6/15 18:00,6-Nov,18:00,1,0,1,Unknown,1811/6/15 16:30,6-Nov,16:30,1,0,0,Unknown,16.511/6/15 13:30,6-Nov,13:30,1,1,0,Unknown,13.511/6/15 7:00,6-Nov,7:00,1,0,1,Unknown,711/5/15 22:00,5-Nov,22:00,1,0,0,Unknown,2211/5/15 17:30,5-Nov,17:30,0,0,1,Unknown,17.511/5/15 15:00,5-Nov,15:00,1,0,0,Unknown,1511/5/15 11:50,5-Nov,11:50,0,1,0,Unknown,1211/5/15 7:45,5-Nov,7:45,1,0,1,Unknown,811/4/15 20:00,4-Nov,20:00,1,0,0,Unknown,2011/4/15 17:25,4-Nov,17:25,0,1,1,Unknown,17.511/4/15 17:00,4-Nov,17:00,1,0,0,Unknown,1711/4/15 12:15,4-Nov,12:15,1,0,0,Unknown,12.511/4/15 8:00,4-Nov,8:00,1,1,1,Unknown,811/3/15 21:30,3-Nov,21:30,1,1,0,Unknown,21.511/3/15 18:00,3-Nov,18:00,0,0,1,Unknown,1811/3/15 16:00,3-Nov,16:00,1,0,0,Unknown,1611/3/15 7:30,3-Nov,7:30,1,1,1,Unknown,7.510/30/15 22:00,30-Oct,22:00,0,1,0,Unknown,2210/30/15 18:00,30-Oct,18:00,1,0,1,Unknown,1810/30/15 9:30,30-Oct,9:30,0,1,0,Unknown,9.510/30/15 7:30,30-Oct,7:30,1,1,1,Unknown,7.510/29/15 18:00,29-Oct,18:00,0,0,1,Unknown,1810/29/15 15:00,29-Oct,15:00,1,0,0,Unknown,1510/29/15 11:00,29-Oct,11:00,0,1,0,Unknown,1110/29/15 10:00,29-Oct,10:00,0,1,0,Unknown,1010/29/15 9:45,29-Oct,9:45,1,1,1,Unknown,1010/28/15 19:30,28-Oct,19:30,0,0,1,Unknown,19.510/28/15 13:30,28-Oct,13:30,1,0,0,Unknown,13.510/28/15 7:30,28-Oct,7:30,1,1,1,Unknown,7.510/27/15 20:00,27-Oct,20:00,1,0,0,Unknown,2010/27/15 19:00,27-Oct,19:00,1,0,1,Unknown,1910/27/15 16:45,27-Oct,16:45,1,0,0,Unknown,1710/27/15 13:35,27-Oct,13:35,0,1,0,Unknown,13.510/27/15 7:30,27-Oct,7:30,1,0,1,Unknown,7.510/26/15 21:50,26-Oct,21:50,1,0,0,Unknown,2210/26/15 19:50,26-Oct,19:50,1,0,0,Unknown,2010/26/15 18:30,26-Oct,18:30,0,0,1,Unknown,18.510/26/15 18:00,26-Oct,18:00,0,1,0,Unknown,1810/26/15 15:00,26-Oct,15:00,1,0,0,Unknown,1510/26/15 8:00,26-Oct,8:00,1,1,1,Unknown,810/25/15 19:50,25-Oct,19:50,1,0,0,Unknown,2010/25/15 17:40,25-Oct,17:40,0,0,1,Unknown,17.510/25/15 16:35,25-Oct,16:35,1,0,0,Unknown,16.510/25/15 15:00,25-Oct,15:00,0,1,0,Unknown,1510/25/15 7:45,25-Oct,7:45,1,1,1,Unknown,810/24/15 20:30,24-Oct,20:30,1,0,0,Unknown,20.510/24/15 17:40,24-Oct,17:40,1,0,1,Unknown,17.510/24/15 11:50,24-Oct,11:50,0,1,0,Unknown,1210/24/15 7:00,24-Oct,7:00,1,0,1,Unknown,710/23/15 21:00,23-Oct,21:00,1,0,0,Unknown,2110/23/15 20:00,23-Oct,20:00,0,1,0,Unknown,2010/23/15 18:00,23-Oct,18:00,0,0,1,Unknown,1810/23/15 15:00,23-Oct,15:00,1,0,0,Unknown,1510/23/15 7:45,23-Oct,7:45,1,0,1,Unknown,810/22/15 21:45,22-Oct,21:45,1,0,0,Unknown,2210/22/15 19:50,22-Oct,19:50,1,0,0,Unknown,2010/22/15 18:15,22-Oct,18:15,0,0,1,Unknown,18.510/22/15 17:10,22-Oct,17:10,1,0,0,Unknown,1710/22/15 14:00,22-Oct,14:00,1,1,0,Unknown,1410/22/15 7:30,22-Oct,7:30,1,0,1,Unknown,7.510/21/15 22:30,21-Oct,22:30,1,0,0,Unknown,22.510/21/15 19:30,21-Oct,19:30,1,0,0,Unknown,19.510/21/15 18:30,21-Oct,18:30,0,0,1,Unknown,18.510/21/15 16:35,21-Oct,16:35,1,0,0,Unknown,16.510/21/15 14:00,21-Oct,14:00,1,0,0,Unknown,1410/21/15 8:00,21-Oct,8:00,1,1,1,Unknown,810/21/15 0:15,21-Oct,0:15,1,0,0,Unknown,0.510/20/15 19:30,20-Oct,19:30,1,0,0,Unknown,19.510/20/15 18:20,20-Oct,18:20,0,0,1,Unknown,18.510/20/15 16:00,20-Oct,16:00,0,1,0,Unknown,1610/20/15 8:00,20-Oct,8:00,1,1,1,Unknown,810/19/15 21:15,19-Oct,21:15,1,0,0,Unknown,21.510/19/15 18:15,19-Oct,18:15,0,0,1,Unknown,18.510/19/15 16:25,19-Oct,16:25,1,0,0,Unknown,16.510/19/15 14:20,19-Oct,14:20,0,1,0,Unknown,14.510/19/15 7:45,19-Oct,7:45,1,0,1,Unknown,810/19/15 0:30,19-Oct,0:30,1,1,0,Unknown,0.510/18/15 19:35,18-Oct,19:35,1,0,0,Unknown,19.510/18/15 19:30,18-Oct,19:30,1,1,1,Unknown,19.510/18/15 18:00,18-Oct,18:00,0,0,1,Unknown,1810/18/15 16:50,18-Oct,16:50,0,1,0,Unknown,1710/17/15 21:30,17-Oct,21:30,1,0,0,Unknown,21.510/17/15 18:00,17-Oct,18:00,0,0,1,Unknown,1810/17/15 17:00,17-Oct,17:00,1,0,0,Unknown,1710/17/15 10:00,17-Oct,10:00,0,1,0,Unknown,1010/17/15 7:00,17-Oct,7:00,1,0,1,Unknown,710/16/15 23:45,16-Oct,23:45,1,0,0,Unknown,2410/16/15 19:45,16-Oct,19:45,0,1,0,Unknown,2010/16/15 18:30,16-Oct,18:30,0,0,1,Unknown,18.510/16/15 16:00,16-Oct,16:00,1,0,0,Unknown,1610/16/15 9:00,16-Oct,9:00,1,1,1,Unknown,910/15/15 18:15,15-Oct,18:15,0,0,1,Unknown,18.510/15/15 14:30,15-Oct,14:30,1,0,0,Unknown,14.510/15/15 11:45,15-Oct,11:45,0,1,0,Unknown,1210/15/15 9:00,15-Oct,9:00,0,1,0,Unknown,910/15/15 7:00,15-Oct,7:00,1,0,1,Unknown,710/14/15 18:45,14-Oct,18:45,1,0,1,Unknown,1910/14/15 14:30,14-Oct,14:30,1,0,0,Unknown,14.510/14/15 12:30,14-Oct,12:30,0,1,0,Unknown,12.510/14/15 6:45,14-Oct,6:45,1,0,1,Unknown,710/13/15 23:20,13-Oct,23:20,0,1,0,Unknown,23.510/13/15 18:15,13-Oct,18:15,0,0,1,Unknown,18.510/13/15 17:15,13-Oct,17:15,1,1,0,Unknown,17.510/13/15 7:30,13-Oct,7:30,1,0,1,Unknown,7.510/12/15 19:45,12-Oct,19:45,0,0,1,Unknown,2010/12/15 19:40,12-Oct,19:40,1,0,1,Unknown,19.510/12/15 14:45,12-Oct,14:45,1,1,0,Unknown,1510/12/15 7:30,12-Oct,7:30,1,0,1,Unknown,7.510/11/15 22:15,11-Oct,22:15,1,0,0,Unknown,22.510/11/15 17:45,11-Oct,17:45,0,0,1,Unknown,1810/11/15 16:35,11-Oct,16:35,1,0,0,Unknown,16.510/11/15 12:00,11-Oct,12:00,0,1,0,Unknown,1210/11/15 11:00,11-Oct,11:00,1,0,0,Unknown,1110/11/15 7:00,11-Oct,7:00,0,1,1,Unknown,710/11/15 0:35,11-Oct,0:35,1,0,0,Unknown,0.510/10/15 19:30,10-Oct,19:30,0,1,0,Unknown,19.510/10/15 18:00,10-Oct,18:00,0,0,1,Unknown,1810/10/15 16:00,10-Oct,16:00,1,0,0,Unknown,1610/10/15 11:35,10-Oct,11:35,0,1,0,Unknown,11.510/10/15 7:00,10-Oct,7:00,1,0,1,Unknown,710/9/15 23:05,9-Oct,23:05,1,1,0,Unknown,2310/9/15 18:15,9-Oct,18:15,1,0,1,Unknown,18.510/9/15 13:00,9-Oct,13:00,1,0,0,Unknown,1310/9/15 7:00,9-Oct,7:00,1,1,1,Unknown,710/8/15 22:55,8-Oct,22:55,1,0,0,Unknown,2310/8/15 17:40,8-Oct,17:40,0,0,1,Unknown,17.510/8/15 15:50,8-Oct,15:50,1,1,0,Unknown,1610/8/15 12:45,8-Oct,12:45,0,1,0,Unknown,1310/8/15 7:30,8-Oct,7:30,1,0,1,Unknown,7.510/7/15 22:00,7-Oct,22:00,1,0,0,Unknown,2210/7/15 18:30,7-Oct,18:30,0,0,1,Unknown,18.510/7/15 16:15,7-Oct,16:15,1,1,0,Unknown,16.510/7/15 7:30,7-Oct,7:30,1,1,1,Unknown,7.510/6/15 22:10,6-Oct,22:10,1,0,0,Unknown,2210/6/15 17:50,6-Oct,17:50,1,0,1,Unknown,1810/6/15 17:10,6-Oct,17:10,0,1,0,Unknown,1710/6/15 13:55,6-Oct,13:55,1,0,0,Unknown,1410/6/15 13:40,6-Oct,13:40,0,1,0,Unknown,13.510/6/15 7:00,6-Oct,7:00,1,0,1,Unknown,710/5/15 17:45,5-Oct,17:45,1,0,1,Unknown,1810/5/15 13:50,5-Oct,13:50,1,0,0,Unknown,1410/5/15 8:00,5-Oct,8:00,0,0,1,Unknown,810/4/15 23:00,4-Oct,23:00,1,0,0,Unknown,2310/4/15 19:15,4-Oct,19:15,1,1,0,Unknown,19.510/4/15 17:45,4-Oct,17:45,0,0,1,Unknown,1810/4/15 16:15,4-Oct,16:15,1,0,0,Unknown,16.510/4/15 9:30,4-Oct,9:30,1,1,1,Unknown,9.510/3/15 23:00,3-Oct,23:00,1,0,0,Unknown,2310/3/15 19:45,3-Oct,19:45,1,0,0,Unknown,2010/3/15 18:00,3-Oct,18:00,0,0,1,Unknown,1810/3/15 16:45,3-Oct,16:45,1,1,0,Unknown,1710/3/15 14:30,3-Oct,14:30,0,1,0,Unknown,14.510/3/15 13:00,3-Oct,13:00,1,0,0,Unknown,1310/3/15 7:00,3-Oct,7:00,1,1,1,Unknown,710/2/15 21:05,2-Oct,21:05,1,0,0,Unknown,2110/2/15 18:00,2-Oct,18:00,1,1,1,Unknown,1810/2/15 13:30,2-Oct,13:30,1,0,0,Unknown,13.510/2/15 8:00,2-Oct,8:00,1,1,1,Unknown,810/1/15 22:20,1-Oct,22:20,1,0,0,Unknown,22.510/1/15 18:00,1-Oct,18:00,1,0,1,Unknown,1810/1/15 14:15,1-Oct,14:15,0,1,0,Unknown,14.510/1/15 6:45,1-Oct,6:45,1,1,1,Unknown,79/30/15 22:25,30-Sep,22:25,1,0,0,Unknown,22.59/30/15 19:35,30-Sep,19:35,0,1,1,Unknown,19.59/30/15 15:00,30-Sep,15:00,1,0,0,Unknown,159/30/15 10:20,30-Sep,10:20,0,1,0,Unknown,10.59/30/15 7:00,30-Sep,7:00,1,0,1,Unknown,79/29/15 21:30,29-Sep,21:30,1,0,0,Unknown,21.59/29/15 18:00,29-Sep,18:00,0,0,1,Unknown,189/29/15 17:30,29-Sep,17:30,1,0,0,Unknown,17.59/29/15 15:00,29-Sep,15:00,0,1,0,Unknown,159/29/15 8:00,29-Sep,8:00,1,1,1,Unknown,89/28/15 21:30,28-Sep,21:30,1,0,0,Unknown,21.59/28/15 18:00,28-Sep,18:00,0,0,1,Unknown,189/28/15 17:30,28-Sep,17:30,1,0,0,Unknown,17.59/28/15 13:10,28-Sep,13:10,1,1,0,Unknown,139/28/15 7:00,28-Sep,7:00,1,0,1,Unknown,79/27/15 20:10,27-Sep,20:10,1,0,0,Unknown,209/27/15 18:25,27-Sep,18:25,0,0,1,Unknown,18.59/27/15 16:10,27-Sep,16:10,1,1,0,Unknown,169/27/15 14:00,27-Sep,14:00,1,0,0,Unknown,149/27/15 7:30,27-Sep,7:30,1,1,1,Unknown,7.59/26/15 18:45,26-Sep,18:45,0,0,1,Unknown,199/26/15 16:00,26-Sep,16:00,1,1,0,Unknown,169/26/15 12:00,26-Sep,12:00,1,1,0,Unknown,129/26/15 6:45,26-Sep,6:45,1,0,1,Unknown,79/25/15 21:45,25-Sep,21:45,1,0,0,Unknown,229/25/15 18:00,25-Sep,18:00,0,0,1,Unknown,189/25/15 16:20,25-Sep,16:20,1,0,0,Unknown,16.59/25/15 16:10,25-Sep,16:10,0,1,0,Unknown,169/25/15 9:00,25-Sep,9:00,1,1,0,Unknown,99/25/15 7:00,25-Sep,7:00,1,0,1,Unknown,79/24/15 22:00,24-Sep,22:00,1,0,0,Unknown,229/24/15 18:30,24-Sep,18:30,0,0,1,Unknown,18.59/24/15 16:45,24-Sep,16:45,1,1,0,Unknown,179/24/15 14:45,24-Sep,14:45,0,1,0,Unknown,159/24/15 9:00,24-Sep,9:00,1,0,1,Unknown,99/23/15 20:30,23-Sep,20:30,1,0,0,Unknown,20.59/23/15 17:45,23-Sep,17:45,0,0,1,Unknown,189/23/15 15:30,23-Sep,15:30,1,0,0,Unknown,15.59/23/15 15:00,23-Sep,15:00,0,1,0,Unknown,159/23/15 11:55,23-Sep,11:55,0,1,0,Unknown,129/23/15 9:10,23-Sep,9:10,1,0,1,Unknown,99/22/15 22:00,22-Sep,22:00,1,0,0,Unknown,229/22/15 18:30,22-Sep,18:30,0,0,1,Unknown,18.59/22/15 15:15,22-Sep,15:15,1,0,0,Unknown,15.59/22/15 14:20,22-Sep,14:20,0,1,0,Unknown,14.59/22/15 7:00,22-Sep,7:00,1,0,1,Unknown,79/21/15 21:15,21-Sep,21:15,1,0,0,Unknown,21.59/21/15 18:30,21-Sep,18:30,0,0,1,Unknown,18.59/21/15 16:15,21-Sep,16:15,0,1,0,Unknown,16.59/21/15 16:00,21-Sep,16:00,1,0,0,Unknown,169/21/15 8:00,21-Sep,8:00,1,0,1,Unknown,89/20/15 17:50,20-Sep,17:50,0,0,1,Unknown,189/20/15 17:00,20-Sep,17:00,1,0,0,Unknown,179/20/15 10:00,20-Sep,10:00,1,1,0,Unknown,109/20/15 7:30,20-Sep,7:30,0,0,1,Unknown,7.59/19/15 23:20,19-Sep,23:20,1,0,0,Unknown,23.59/19/15 18:30,19-Sep,18:30,0,0,1,Unknown,18.59/19/15 15:30,19-Sep,15:30,0,1,0,Unknown,15.59/19/15 7:00,19-Sep,7:00,1,1,1,Unknown,79/18/15 18:35,18-Sep,18:35,1,1,0,Unknown,18.59/18/15 18:20,18-Sep,18:20,0,0,1,Unknown,18.59/18/15 14:10,18-Sep,14:10,1,0,0,Unknown,149/18/15 9:40,18-Sep,9:40,1,0,0,Unknown,9.59/18/15 7:00,18-Sep,7:00,0,0,1,Unknown,79/17/15 23:50,17-Sep,23:50,1,0,0,Unknown,249/17/15 17:30,17-Sep,17:30,0,0,1,Unknown,17.59/17/15 14:24,17-Sep,14:24,1,0,0,Unknown,14.59/17/15 11:45,17-Sep,11:45,1,0,0,Unknown,129/17/15 9:20,17-Sep,9:20,0,1,1,Unknown,9.59/16/15 21:45,16-Sep,21:45,1,0,0,Unknown,229/16/15 18:00,16-Sep,18:00,0,0,1,Unknown,189/16/15 13:55,16-Sep,13:55,0,1,0,Unknown,149/16/15 9:30,16-Sep,9:30,1,0,1,Unknown,9.59/15/15 22:30,15-Sep,22:30,1,0,0,Unknown,22.59/15/15 19:00,15-Sep,19:00,0,0,1,Unknown,199/15/15 18:00,15-Sep,18:00,0,1,0,Unknown,189/15/15 15:30,15-Sep,15:30,1,1,0,Unknown,15.59/15/15 7:00,15-Sep,7:00,1,0,1,Unknown,79/14/15 22:00,14-Sep,22:00,1,0,0,Unknown,229/14/15 18:30,14-Sep,18:30,1,0,0,Unknown,18.59/14/15 18:15,14-Sep,18:15,0,0,1,Unknown,18.59/14/15 16:30,14-Sep,16:30,0,1,0,Unknown,16.59/14/15 14:50,14-Sep,14:50,0,1,0,Unknown,159/14/15 11:00,14-Sep,11:00,1,0,0,Unknown,119/14/15 7:15,14-Sep,7:15,1,1,1,Unknown,7.59/13/15 22:00,13-Sep,22:00,1,0,0,Unknown,229/13/15 18:30,13-Sep,18:30,0,0,1,Unknown,18.59/13/15 15:30,13-Sep,15:30,1,0,0,Unknown,15.59/13/15 8:50,13-Sep,8:50,1,0,1,Unknown,99/13/15 0:45,13-Sep,0:45,1,0,0,Unknown,19/12/15 18:00,12-Sep,18:00,0,0,1,Unknown,189/12/15 17:00,12-Sep,17:00,1,0,0,Unknown,179/12/15 7:30,12-Sep,7:30,1,0,1,Unknown,7.59/12/15 0:30,12-Sep,0:30,0,1,0,Unknown,0.59/11/15 18:05,11-Sep,18:05,0,0,1,Unknown,189/11/15 17:40,11-Sep,17:40,1,0,0,Unknown,17.59/11/15 11:30,11-Sep,11:30,0,1,0,Unknown,11.59/11/15 7:00,11-Sep,7:00,1,0,1,Unknown,79/10/15 18:30,10-Sep,18:30,0,0,1,Unknown,18.59/10/15 17:10,10-Sep,17:10,0,1,0,Unknown,179/10/15 15:35,10-Sep,15:35,1,0,0,Unknown,15.59/10/15 10:30,10-Sep,10:30,1,0,0,Unknown,10.59/10/15 8:10,10-Sep,8:10,0,1,1,Unknown,89/9/15 22:00,9-Sep,22:00,1,0,0,Unknown,229/9/15 20:30,9-Sep,20:30,0,1,0,Unknown,20.59/9/15 18:00,9-Sep,18:00,0,0,1,Unknown,189/9/15 14:15,9-Sep,14:15,1,0,0,Unknown,14.59/9/15 8:20,9-Sep,8:20,1,1,1,Unknown,8.59/8/15 23:00,8-Sep,23:00,1,0,0,Unknown,239/8/15 18:45,8-Sep,18:45,0,0,1,Unknown,199/8/15 16:50,8-Sep,16:50,1,0,0,Unknown,179/8/15 14:00,8-Sep,14:00,0,1,0,Unknown,149/8/15 12:25,8-Sep,12:25,0,1,0,Unknown,12.59/8/15 8:00,8-Sep,8:00,1,1,1,Unknown,89/7/15 22:30,7-Sep,22:30,1,0,0,Unknown,22.59/7/15 19:55,7-Sep,19:55,1,0,0,Unknown,209/7/15 18:30,7-Sep,18:30,0,0,1,Unknown,18.59/7/15 15:30,7-Sep,15:30,1,1,0,Unknown,15.59/7/15 8:30,7-Sep,8:30,1,1,1,Unknown,8.59/6/15 23:20,6-Sep,23:20,1,0,0,Unknown,23.59/6/15 18:20,6-Sep,18:20,0,1,1,Unknown,18.59/6/15 13:35,6-Sep,13:35,1,0,0,Unknown,13.59/6/15 11:20,6-Sep,11:20,0,1,0,Unknown,11.59/6/15 7:50,6-Sep,7:50,1,0,1,Unknown,89/5/15 22:30,5-Sep,22:30,0,1,0,Unknown,22.59/5/15 20:30,5-Sep,20:30,1,0,0,Unknown,20.59/5/15 19:15,5-Sep,19:15,0,0,1,Unknown,19.59/5/15 10:15,5-Sep,10:15,0,1,0,Unknown,10.59/5/15 7:15,5-Sep,7:15,1,0,1,Unknown,7.59/4/15 22:30,4-Sep,22:30,1,0,0,Unknown,22.59/4/15 19:15,4-Sep,19:15,0,0,1,Unknown,19.59/4/15 17:45,4-Sep,17:45,1,0,0,Unknown,189/4/15 16:00,4-Sep,16:00,1,1,0,Unknown,169/4/15 8:15,4-Sep,8:15,1,1,1,Unknown,8.59/3/15 18:00,3-Sep,18:00,0,0,1,Unknown,189/3/15 11:20,3-Sep,11:20,1,1,0,Unknown,11.59/3/15 9:00,3-Sep,9:00,1,0,0,Unknown,99/3/15 7:15,3-Sep,7:15,1,0,1,Unknown,7.59/3/15 0:00,3-Sep,0:00,1,1,0,Unknown, -   9/2/15 18:30,2-Sep,18:30,0,0,1,Unknown,18.59/2/15 9:15,2-Sep,9:15,1,0,0,Unknown,9.59/2/15 7:00,2-Sep,7:00,0,1,1,Unknown,79/1/15 23:10,1-Sep,23:10,1,0,0,Unknown,239/1/15 20:05,1-Sep,20:05,1,0,0,Unknown,209/1/15 18:30,1-Sep,18:30,0,0,1,Unknown,18.59/1/15 11:45,1-Sep,11:45,0,1,0,Unknown,129/1/15 10:20,1-Sep,10:20,1,0,0,Unknown,10.59/1/15 8:30,1-Sep,8:30,0,0,1,Unknown,8.58/31/15 19:00,31-Aug,19:00,1,0,0,Unknown,198/31/15 13:15,31-Aug,13:15,1,1,1,Unknown,13.58/31/15 6:45,31-Aug,6:45,1,0,0,Unknown,78/30/15 22:00,30-Aug,22:00,1,1,0,Unknown,228/30/15 18:10,30-Aug,18:10,1,0,1,Unknown,188/30/15 14:30,30-Aug,14:30,1,0,0,Unknown,14.58/30/15 9:20,30-Aug,9:20,1,1,1,Unknown,9.58/29/15 20:10,29-Aug,20:10,1,0,0,Unknown,208/29/15 19:00,29-Aug,19:00,0,0,1,Unknown,198/29/15 17:20,29-Aug,17:20,1,0,0,Unknown,17.58/29/15 14:45,29-Aug,14:45,1,0,0,Unknown,158/29/15 8:40,29-Aug,8:40,1,1,1,Unknown,8.58/28/15 22:35,28-Aug,22:35,1,0,0,Unknown,22.58/28/15 21:05,28-Aug,21:05,1,0,0,Unknown,218/28/15 18:10,28-Aug,18:10,0,0,1,Unknown,188/28/15 16:40,28-Aug,16:40,0,1,0,Unknown,16.58/28/15 14:40,28-Aug,14:40,1,0,0,Unknown,14.58/28/15 8:00,28-Aug,8:00,1,1,1,Unknown,88/27/15 22:35,27-Aug,22:35,1,0,0,Unknown,22.58/27/15 18:45,27-Aug,18:45,0,0,1,Unknown,198/27/15 18:15,27-Aug,18:15,1,1,0,Unknown,18.58/27/15 13:40,27-Aug,13:40,1,0,0,Unknown,13.58/27/15 8:10,27-Aug,8:10,1,1,1,Unknown,88/27/15 4:30,27-Aug,4:30,1,0,0,Unknown,4.58/26/15 20:35,26-Aug,20:35,1,0,0,Unknown,20.58/26/15 18:30,26-Aug,18:30,1,0,1,Unknown,18.58/26/15 15:30,26-Aug,15:30,0,1,0,Unknown,15.58/26/15 14:05,26-Aug,14:05,1,0,0,Unknown,148/26/15 12:40,26-Aug,12:40,0,1,0,Unknown,12.58/26/15 8:15,26-Aug,8:15,1,0,1,Unknown,8.58/25/15 20:15,25-Aug,20:15,1,0,0,Unknown,20.58/25/15 18:15,25-Aug,18:15,1,0,1,Unknown,18.58/25/15 13:35,25-Aug,13:35,0,1,0,Unknown,13.58/25/15 9:20,25-Aug,9:20,1,0,1,Unknown,9.58/24/15 23:00,24-Aug,23:00,1,0,0,Unknown,238/24/15 20:30,24-Aug,20:30,1,0,0,Unknown,20.58/24/15 18:30,24-Aug,18:30,0,0,1,Unknown,18.58/24/15 17:00,24-Aug,17:00,1,1,0,Unknown,178/24/15 14:00,24-Aug,14:00,1,0,0,Unknown,148/24/15 7:55,24-Aug,7:55,0,1,1,Unknown,88/24/15 3:40,24-Aug,3:40,1,0,0,Unknown,3.58/23/15 20:35,23-Aug,20:35,1,1,0,Unknown,20.58/23/15 19:05,23-Aug,19:05,1,0,0,Unknown,198/23/15 18:00,23-Aug,18:00,0,0,1,Unknown,188/23/15 14:50,23-Aug,14:50,1,1,0,Unknown,158/23/15 8:10,23-Aug,8:10,1,1,1,Unknown,88/22/15 18:15,22-Aug,18:15,0,0,1,Unknown,18.58/22/15 18:05,22-Aug,18:05,1,0,0,Unknown,188/22/15 8:35,22-Aug,8:35,1,0,1,Unknown,8.58/21/15 23:30,21-Aug,23:30,1,0,0,Unknown,23.58/21/15 21:30,21-Aug,21:30,1,0,0,Unknown,21.58/21/15 19:00,21-Aug,19:00,0,0,1,Unknown,198/21/15 17:00,21-Aug,17:00,1,1,0,Unknown,178/21/15 13:20,21-Aug,13:20,0,1,0,Unknown,13.58/21/15 9:15,21-Aug,9:15,1,0,1,Unknown,9.58/20/15 23:35,20-Aug,23:35,1,1,0,Unknown,23.58/20/15 22:00,20-Aug,22:00,1,0,1,Unknown,228/20/15 17:30,20-Aug,17:30,1,0,0,Unknown,17.58/20/15 16:50,20-Aug,16:50,0,1,0,Unknown,178/20/15 8:00,20-Aug,8:00,1,1,1,Unknown,88/19/15 22:30,19-Aug,22:30,1,0,0,Unknown,22.58/19/15 18:05,19-Aug,18:05,1,0,1,Unknown,188/19/15 12:30,19-Aug,12:30,1,1,0,Unknown,12.58/19/15 8:20,19-Aug,8:20,1,0,1,Unknown,8.58/18/15 22:00,18-Aug,22:00,1,0,0,Unknown,228/18/15 19:15,18-Aug,19:15,1,0,1,Unknown,19.58/18/15 14:20,18-Aug,14:20,1,1,0,Unknown,14.58/18/15 8:30,18-Aug,8:30,1,1,1,Unknown,8.58/17/15 22:00,17-Aug,22:00,1,1,1,Unknown,228/17/15 13:45,17-Aug,13:45,1,1,0,Unknown,148/17/15 8:30,17-Aug,8:30,1,1,1,Unknown,8.58/16/15 22:30,16-Aug,22:30,1,0,0,Unknown,22.58/16/15 20:30,16-Aug,20:30,0,1,0,Unknown,20.58/16/15 18:30,16-Aug,18:30,0,0,1,Unknown,18.58/16/15 17:15,16-Aug,17:15,1,0,0,Unknown,17.58/16/15 7:45,16-Aug,7:45,1,1,1,Unknown,88/15/15 22:45,15-Aug,22:45,1,0,0,Unknown,238/15/15 19:00,15-Aug,19:00,1,0,1,Unknown,198/15/15 14:45,15-Aug,14:45,0,1,0,Unknown,158/15/15 12:15,15-Aug,12:15,1,0,0,Unknown,12.58/15/15 9:00,15-Aug,9:00,0,1,0,Unknown,98/15/15 7:15,15-Aug,7:15,1,0,1,Unknown,7.58/14/15 18:30,14-Aug,18:30,1,0,1,Unknown,18.58/14/15 12:00,14-Aug,12:00,1,0,0,Unknown,128/14/15 11:00,14-Aug,11:00,0,1,0,Unknown,118/14/15 8:00,14-Aug,8:00,1,0,1,Unknown,88/13/15 22:55,13-Aug,22:55,1,0,0,Unknown,238/13/15 22:00,13-Aug,22:00,1,0,0,Unknown,228/13/15 21:00,13-Aug,21:00,0,1,0,Unknown,218/13/15 19:15,13-Aug,19:15,1,0,1,Unknown,19.58/13/15 11:05,13-Aug,11:05,1,0,1,Unknown,118/13/15 10:05,13-Aug,10:05,0,1,0,Unknown,108/13/15 9:00,13-Aug,9:00,1,0,0,Unknown,98/12/15 22:40,12-Aug,22:40,1,0,0,Unknown,22.58/12/15 19:25,12-Aug,19:25,1,0,0,Unknown,19.58/12/15 18:30,12-Aug,18:30,0,0,1,Unknown,18.58/12/15 10:00,12-Aug,10:00,1,1,1,Unknown,108/11/15 22:30,11-Aug,22:30,1,0,0,Unknown,22.58/11/15 20:50,11-Aug,20:50,0,1,0,Unknown,218/11/15 17:35,11-Aug,17:35,1,0,1,Unknown,17.58/11/15 11:00,11-Aug,11:00,0,1,0,Unknown,118/11/15 8:45,11-Aug,8:45,0,0,1,Unknown,9